
AttributeBegin
    ObjectBegin "ASSISE (2).001"
    NamedMaterial "AssiseLem"
    Shape "plymesh" "string filename" [ "geometry/mesh_00001.ply" ] 
ObjectEnd
AttributeEnd

AttributeBegin
    ObjectBegin "unnamed_obj_0"
    NamedMaterial "grass_patch"
    Shape "plymesh" "string filename" [ "geometry/mesh_00002.ply" ] 
ObjectEnd
AttributeEnd

AttributeBegin
    ObjectBegin "plan_definitif.001"
    NamedMaterial "INOX"
    Shape "plymesh" "string filename" [ "geometry/mesh_00003.ply" ] 
    NamedMaterial "CAOUTCHOUC"
    Shape "plymesh" "string filename" [ "geometry/mesh_00004.ply" ] 
    NamedMaterial "METAL_BLANC"
    Shape "plymesh" "string filename" [ "geometry/mesh_00005.ply" ] 
    NamedMaterial "MATELAS"
    Shape "plymesh" "string filename" [ "geometry/mesh_00006.ply" ] 
ObjectEnd
AttributeEnd

AttributeBegin
    ObjectBegin "Plane.023"
    NamedMaterial "Ossature"
    Shape "plymesh" "string filename" [ "geometry/mesh_00007.ply" ] 
    NamedMaterial "BornesLum"
    Shape "plymesh" "string filename" [ "geometry/mesh_00008.ply" ] 
    NamedMaterial "INOX"
    Shape "plymesh" "string filename" [ "geometry/mesh_00009.ply" ] 
    NamedMaterial "LameTerrasse"
    Shape "plymesh" "string filename" [ "geometry/mesh_00010.ply" ] 
ObjectEnd
AttributeEnd

AttributeBegin
    ObjectBegin "Plane.027"
    NamedMaterial "INOX"
    Shape "plymesh" "string filename" [ "geometry/mesh_00011.ply" ] 
ObjectEnd
AttributeEnd

AttributeBegin
    ObjectBegin "Plane.028"
    NamedMaterial "Ossature"
    Shape "plymesh" "string filename" [ "geometry/mesh_00012.ply" ] 
    NamedMaterial "BornesLumTables"
    Shape "plymesh" "string filename" [ "geometry/mesh_00013.ply" ] 
    NamedMaterial "INOX"
    Shape "plymesh" "string filename" [ "geometry/mesh_00014.ply" ] 
    NamedMaterial "LameTerrasse"
    Shape "plymesh" "string filename" [ "geometry/mesh_00015.ply" ] 
ObjectEnd
AttributeEnd

AttributeBegin
    ObjectBegin "plan_definitif.017"
    NamedMaterial "INOX"
    Shape "plymesh" "string filename" [ "geometry/mesh_00016.ply" ] 
    NamedMaterial "CAOUTCHOUC"
    Shape "plymesh" "string filename" [ "geometry/mesh_00017.ply" ] 
    NamedMaterial "METAL_BLANC"
    Shape "plymesh" "string filename" [ "geometry/mesh_00018.ply" ] 
    NamedMaterial "MATELAS"
    Shape "plymesh" "string filename" [ "geometry/mesh_00019.ply" ] 
ObjectEnd
AttributeEnd

AttributeBegin
    ObjectBegin "Cylinder.004"
    NamedMaterial "StoreFicelle"
    Shape "plymesh" "string filename" [ "geometry/mesh_00020.ply" ] 
ObjectEnd
AttributeEnd

AttributeBegin
    ObjectBegin "Cylinder.005"
    NamedMaterial "StoreFicelle"
    Shape "plymesh" "string filename" [ "geometry/mesh_00021.ply" ] 
ObjectEnd
AttributeEnd

AttributeBegin
    ObjectBegin "Cylinder.006"
    NamedMaterial "StoreFicelle"
    Shape "plymesh" "string filename" [ "geometry/mesh_00022.ply" ] 
ObjectEnd
AttributeEnd

AttributeBegin
    ObjectBegin "Cylinder.007"
    NamedMaterial "StoreFicelle"
    Shape "plymesh" "string filename" [ "geometry/mesh_00023.ply" ] 
    Shape "plymesh" "string filename" [ "geometry/mesh_00024.ply" ] 
ObjectEnd
AttributeEnd

AttributeBegin
    ObjectBegin "Cylinder.003"
    NamedMaterial "StoreFicelle"
    Shape "plymesh" "string filename" [ "geometry/mesh_00025.ply" ] 
ObjectEnd
AttributeEnd

AttributeBegin
    ObjectBegin "plan_definitif"
    NamedMaterial "INOX"
    Shape "plymesh" "string filename" [ "geometry/mesh_00026.ply" ] 
    NamedMaterial "CAOUTCHOUC"
    Shape "plymesh" "string filename" [ "geometry/mesh_00027.ply" ] 
    NamedMaterial "METAL_BLANC"
    Shape "plymesh" "string filename" [ "geometry/mesh_00028.ply" ] 
    NamedMaterial "MATELAS"
    Shape "plymesh" "string filename" [ "geometry/mesh_00029.ply" ] 
ObjectEnd
AttributeEnd

AttributeBegin
    ObjectBegin "unnamed_obj_0.001"
    NamedMaterial "grass_patch"
    Shape "plymesh" "string filename" [ "geometry/mesh_00030.ply" ] 
ObjectEnd
AttributeEnd

AttributeBegin
    Transform [ -4.36999983e-08 -1 0 0 1 -4.36999983e-08 0 0 0 0 1 0 10.3253136 3.79926968 6.5470705 1  ]
    NamedMaterial "Menuiseries"
    Shape "plymesh" "string filename" [ "geometry/mesh_00031.ply" ] 
    NamedMaterial "Verre"
    Shape "plymesh"
        "string filename" [ "geometry/mesh_00032.ply" ] 
AttributeEnd

AttributeBegin
    Transform [ -4.36999983e-08 -1 0 0 1 -4.36999983e-08 0 0 0 0 1 0 1.23081279 3.79926968 3.74645853 1  ]
    NamedMaterial "Menuiseries"
    Shape "plymesh" "string filename" [ "geometry/mesh_00033.ply" ] 
    NamedMaterial "Verre"
    Shape "plymesh"
        "string filename" [ "geometry/mesh_00034.ply" ] 
AttributeEnd

AttributeBegin
    Transform [ 1 0 0 0 0 7.54999974e-08 1 0 0 -1 7.54999974e-08 0 5.90419769 3.77310181 4.50011826 1  ]
    NamedMaterial "Verre"
    Shape "plymesh"
        "string filename" [ "geometry/mesh_00035.ply" ] 
AttributeEnd

AttributeBegin
    Transform [ 1 0 0 0 0 1 0 0 0 0 1 0 5.89992142 3.7750001 4.49609375 1  ]
    NamedMaterial "Menuiseries"
    Shape "plymesh" "string filename" [ "geometry/mesh_00036.ply" ] 
AttributeEnd

AttributeBegin
    Transform [ 1 0 0 0 0 7.54999974e-08 1 0 0 -1 7.54999974e-08 0 2.50419712 3.77310181 5.70011806 1  ]
    NamedMaterial "Verre"
    Shape "plymesh"
        "string filename" [ "geometry/mesh_00037.ply" ] 
AttributeEnd

AttributeBegin
    Transform [ 1 0 0 0 0 1 0 0 0 0 1 0 2.49992085 3.7750001 5.69609356 1  ]
    NamedMaterial "Menuiseries"
    Shape "plymesh" "string filename" [ "geometry/mesh_00038.ply" ] 
AttributeEnd

AttributeBegin
    Transform [ 1 0 0 0 0 1 0 0 0 0 1 0 5.89992142 3.7750001 5.69609356 1  ]
    NamedMaterial "Menuiseries"
    Shape "plymesh" "string filename" [ "geometry/mesh_00039.ply" ] 
AttributeEnd

AttributeBegin
    Transform [ 1 0 0 0 0 7.54999974e-08 1 0 0 -1 7.54999974e-08 0 5.90419769 3.77310181 5.70011806 1  ]
    NamedMaterial "Verre"
    Shape "plymesh"
        "string filename" [ "geometry/mesh_00040.ply" ] 
AttributeEnd

AttributeBegin
    Transform [ 1 0 0 0 0 7.54999974e-08 1 0 0 -1 7.54999974e-08 0 13.044879 2.07979965 5.7887001 1  ]
    NamedMaterial "Verre"
    Shape "plymesh"
        "string filename" [ "geometry/mesh_00041.ply" ] 
AttributeEnd

AttributeBegin
    Transform [ -4.36999983e-08 1 0 0 -7.54999974e-08 -0 1 0 0.699999988 3.0599999e-08 5.28000008e-08 0 8.1182375 1.45709515 2.04985523 1  ]
    NamedMaterial "INOX"
    Shape "plymesh" "string filename" [ "geometry/mesh_00042.ply" ] 
AttributeEnd

AttributeBegin
    Transform [ 1 0 0 0 0 7.54999974e-08 1 0 0 -1 7.54999974e-08 0 18.4562016 -1.48729563 2.04985523 1  ]
    NamedMaterial "INOX"
    Shape "plymesh" "string filename" [ "geometry/mesh_00043.ply" ] 
AttributeEnd

AttributeBegin
    Transform [ 1 0 0 0 0 1 0 0 0 0 1 0 19.7706318 9.59049988 0.003054142 1  ]
    NamedMaterial "Beton"
    Shape "plymesh" "string filename" [ "geometry/mesh_00044.ply" ] 
AttributeEnd

AttributeBegin
    Transform [ 1 0 0 0 0 1 0 0 0 0 1 0 19.7706318 9.59049988 0.003054142 1  ]
    NamedMaterial "Beton"
    Shape "plymesh" "string filename" [ "geometry/mesh_00045.ply" ] 
AttributeEnd

AttributeBegin
    Transform [ -0.99825269 -0.0585599802 -0.00789609551 0 0.0586542115 -0.998202801 -0.0122829173 0 -0.00716261705 -0.0127245942 0.999893367 0 28.4413242 -2.31816387 2.16141319 1  ]
    ObjectInstance "unnamed_obj_0"
AttributeEnd

AttributeBegin
    Transform [ 0.999900043 0.0120970421 0.00731651532 0 -0.0121888509 0.999845862 0.0126366094 0 -0.00716252206 -0.0127245262 0.999893367 0 28.4413242 -0.999836743 2.16141319 1  ]
    ObjectInstance "unnamed_obj_0"
AttributeEnd

AttributeBegin
    Transform [ 0.999900043 0.0120970421 0.00731651532 0 -0.0121888509 0.999845862 0.0126366094 0 -0.00716252206 -0.0127245262 0.999893367 0 27.0987263 -0.999836743 2.16141319 1  ]
    ObjectInstance "unnamed_obj_0"
AttributeEnd

AttributeBegin
    Transform [ -0.99825269 -0.0585599802 -0.00789609551 0 0.0586542115 -0.998202801 -0.0122829173 0 -0.00716261705 -0.0127245942 0.999893367 0 27.0987263 -2.31816387 2.16141319 1  ]
    ObjectInstance "unnamed_obj_0"
AttributeEnd

AttributeBegin
    Transform [ -0.99825269 -0.0585599802 -0.00789609551 0 0.0586542115 -0.998202801 -0.0122829173 0 -0.00716261705 -0.0127245942 0.999893367 0 25.8232594 -2.31816387 2.16141319 1  ]
    ObjectInstance "unnamed_obj_0"
AttributeEnd

AttributeBegin
    Transform [ 0.999900043 0.0120970421 0.00731651532 0 -0.0121888509 0.999845862 0.0126366094 0 -0.00716252206 -0.0127245262 0.999893367 0 25.8232594 -0.999836743 2.16141319 1  ]
    ObjectInstance "unnamed_obj_0"
AttributeEnd

AttributeBegin
    Transform [ 0.999900043 0.0120970421 0.00731651532 0 -0.0121888509 0.999845862 0.0126366094 0 -0.00716252206 -0.0127245262 0.999893367 0 24.7027073 -0.999836743 2.16141319 1  ]
    ObjectInstance "unnamed_obj_0"
AttributeEnd

AttributeBegin
    Transform [ -0.99825269 -0.0585599802 -0.00789609551 0 0.0586542115 -0.998202801 -0.0122829173 0 -0.00716261705 -0.0127245942 0.999893367 0 24.7027073 -2.31816387 2.16141319 1  ]
    ObjectInstance "unnamed_obj_0"
AttributeEnd

AttributeBegin
    Transform [ -0.99825269 -0.0585599802 -0.00789609551 0 0.0586542115 -0.998202801 -0.0122829173 0 -0.00716261705 -0.0127245942 0.999893367 0 23.3497829 -2.31816387 2.16141319 1  ]
    ObjectInstance "unnamed_obj_0"
AttributeEnd

AttributeBegin
    Transform [ 0.999900043 0.0120970421 0.00731651532 0 -0.0121888509 0.999845862 0.0126366094 0 -0.00716252206 -0.0127245262 0.999893367 0 23.3497829 -0.999836743 2.16141319 1  ]
    ObjectInstance "unnamed_obj_0"
AttributeEnd

AttributeBegin
    Transform [ 0.99768585 0.0120968986 0.0669073835 0 -0.0129202995 0.999845862 0.0118875708 0 -0.0667532682 -0.0127245244 0.997688353 0 22.1374035 -0.999836743 2.10752964 1  ]
    ObjectInstance "unnamed_obj_0"
AttributeEnd

AttributeBegin
    Transform [ -0.996006846 -0.0585600063 -0.0673877373 0 0.0592821203 -0.998202801 -0.00876470655 0 -0.0667533651 -0.0127245961 0.997688353 0 22.1374035 -2.31816387 2.10752964 1  ]
    ObjectInstance "unnamed_obj_0"
AttributeEnd

AttributeBegin
    Transform [ -0.976827443 -0.0585600324 -0.205861211 0 0.0599252433 -0.998202801 -0.000397525699 0 -0.205467954 -0.012724597 0.978581131 0 20.8621616 -2.31816387 1.93240809 1  ]
    ObjectInstance "unnamed_obj_0"
AttributeEnd

AttributeBegin
    Transform [ 0.97855711 0.0120969051 0.20562011 0 -0.0144542214 0.999845862 0.00996614993 0 -0.205467865 -0.0127245262 0.978581131 0 20.8621616 -0.999836743 1.93240809 1  ]
    ObjectInstance "unnamed_obj_0"
AttributeEnd

AttributeBegin
    Transform [ 0.931905568 0.0120970802 0.362499207 0 -0.0158865601 0.999845862 0.00747466087 0 -0.362352908 -0.0127245439 0.931954086 0 19.9416504 -0.999836802 1.6001265 1  ]
    ObjectInstance "unnamed_obj_0"
AttributeEnd

AttributeBegin
    Transform [ -0.930159748 -0.0585600436 -0.362454891 0 0.0591873638 -0.998202801 0.0093834931 0 -0.362352967 -0.0127246017 0.931954086 0 19.9416504 -2.31816387 1.6001265 1  ]
    ObjectInstance "unnamed_obj_0"
AttributeEnd

AttributeBegin
    Transform [ 1.19000001e-08 0.999998808 0.00156239618 0 -1 1.19000001e-08 2.99999997e-10 0 2.99999997e-10 -0.00156239618 0.999998808 0 8.5231905 -1.07172167 1.23390484 1  ]
    ObjectInstance "unnamed_obj_0"
AttributeEnd

AttributeBegin
    Transform [ 1 -1.74799993e-07 -2.00000003e-10 0 1.74799993e-07 0.999998808 0.00156239618 0 -1.00000001e-10 -0.00156239618 0.999998808 0 9.92319012 -1.07172167 1.23390472 1  ]
    ObjectInstance "unnamed_obj_0"
AttributeEnd

AttributeBegin
    Transform [ 1.39099996e-07 -0.999998808 -0.00156239618 0 1 1.39099996e-07 2.00000003e-10 0 0 -0.00156239618 0.999998808 0 11.3231897 -1.07172167 1.23390472 1  ]
    ObjectInstance "unnamed_obj_0"
AttributeEnd

AttributeBegin
    Transform [ -1 8.73999966e-08 2.00000003e-10 0 -8.73999966e-08 -0.999998808 -0.00156239618 0 1.00000001e-10 -0.00156239618 0.999998808 0 12.7231894 -1.07172215 1.23390472 1  ]
    ObjectInstance "unnamed_obj_0"
AttributeEnd

AttributeBegin
    Transform [ 1.39099996e-07 -0.999998808 -0.00156239618 0 1 1.39099996e-07 2.00000003e-10 0 0 -0.00156239618 0.999998808 0 16.9231892 -1.07172215 1.23390472 1  ]
    ObjectInstance "unnamed_obj_0"
AttributeEnd

AttributeBegin
    Transform [ 1 -1.74799993e-07 -2.00000003e-10 0 1.74799993e-07 0.999998808 0.00156239618 0 -1.00000001e-10 -0.00156239618 0.999998808 0 15.5231905 -1.07172215 1.23390472 1  ]
    ObjectInstance "unnamed_obj_0"
AttributeEnd

AttributeBegin
    Transform [ 1.19000001e-08 0.999998808 0.00156239618 0 -1 1.19000001e-08 2.99999997e-10 0 2.99999997e-10 -0.00156239618 0.999998808 0 14.1231909 -1.07172215 1.23390472 1  ]
    ObjectInstance "unnamed_obj_0"
AttributeEnd

AttributeBegin
    Transform [ 1.19000001e-08 0.997766554 0.0667977855 0 -1 1.19000001e-08 8.00000011e-10 0 0 -0.0667977855 0.997766554 0 14.4829979 -2.34177852 1.25832725 1  ]
    ObjectInstance "unnamed_obj_0"
AttributeEnd

AttributeBegin
    Transform [ 1 -1.74799993e-07 -1.14000001e-08 0 1.752e-07 0.997766554 0.0667977855 0 -2.99999997e-10 -0.0667977855 0.997766554 0 15.8829975 -2.34177852 1.25832725 1  ]
    ObjectInstance "unnamed_obj_0"
AttributeEnd

AttributeBegin
    Transform [ 1.38800004e-07 -0.997766554 -0.0667977855 0 1 1.38399997e-07 9.4999999e-09 0 -2.00000003e-10 -0.0667977855 0.997766554 0 17.2829971 -2.34177852 1.25832725 1  ]
    ObjectInstance "unnamed_obj_0"
AttributeEnd

AttributeBegin
    Transform [ -1 8.73999966e-08 5.70000003e-09 0 -8.76000001e-08 -0.997766554 -0.0667977855 0 -1.00000001e-10 -0.0667977855 0.997766554 0 13.0829964 -2.34177852 1.25832725 1  ]
    ObjectInstance "unnamed_obj_0"
AttributeEnd

AttributeBegin
    Transform [ 1.38800004e-07 -0.997766554 -0.0667977855 0 1 1.38399997e-07 9.4999999e-09 0 -2.00000003e-10 -0.0667977855 0.997766554 0 11.6829967 -2.34177804 1.25832725 1  ]
    ObjectInstance "unnamed_obj_0"
AttributeEnd

AttributeBegin
    Transform [ 1 -1.74799993e-07 -1.14000001e-08 0 1.752e-07 0.997766554 0.0667977855 0 -2.99999997e-10 -0.0667977855 0.997766554 0 10.2829971 -2.34177804 1.25832725 1  ]
    ObjectInstance "unnamed_obj_0"
AttributeEnd

AttributeBegin
    Transform [ 1.19000001e-08 0.997766554 0.0667977855 0 -1 1.19000001e-08 8.00000011e-10 0 0 -0.0667977855 0.997766554 0 8.88299751 -2.34177804 1.25832736 1  ]
    ObjectInstance "unnamed_obj_0"
AttributeEnd

AttributeBegin
    Transform [ 0.600000024 0 0 0 0 0.600000024 0 0 0 0 0.600000024 0 27.6645432 1.73045444 2.94452524 1  ]
    ObjectInstance "Plane.028"
AttributeEnd

AttributeBegin
    Transform [ 0.600000024 0 0 0 0 0.600000024 0 0 0 0 0.600000024 0 27.6645432 2.05286169 2.94452524 1  ]
    ObjectInstance "Plane.028"
AttributeEnd

AttributeBegin
    Transform [ 0.600000024 0 0 0 0 0.600000024 0 0 0 0 0.600000024 0 28.0396519 2.05286169 2.94452524 1  ]
    ObjectInstance "Plane.028"
AttributeEnd

AttributeBegin
    Transform [ 0.600000024 0 0 0 0 0.600000024 0 0 0 0 0.600000024 0 28.0396519 1.73045444 2.94452524 1  ]
    ObjectInstance "Plane.028"
AttributeEnd

AttributeBegin
    Transform [ 0.600000024 0 0 0 0 0.600000024 0 0 0 0 0.600000024 0 23.1134186 -2.09866977 2.94452524 1  ]
    ObjectInstance "Plane.028"
AttributeEnd

AttributeBegin
    Transform [ 0.600000024 0 0 0 0 0.600000024 0 0 0 0 0.600000024 0 23.1134186 -1.77626264 2.94452524 1  ]
    ObjectInstance "Plane.028"
AttributeEnd

AttributeBegin
    Transform [ 0.600000024 0 0 0 0 0.600000024 0 0 0 0 0.600000024 0 22.7383099 -1.77626264 2.94452524 1  ]
    ObjectInstance "Plane.028"
AttributeEnd

AttributeBegin
    Transform [ 0.600000024 0 0 0 0 0.600000024 0 0 0 0 0.600000024 0 22.7383099 -2.09866977 2.94452524 1  ]
    ObjectInstance "Plane.028"
AttributeEnd

AttributeBegin
    Transform [ -0.298731327 -0.954337239 0 0 0.954337239 -0.298731327 0 0 0 0 1 0 28.1856461 2.29299712 2.88834572 1  ]
    ObjectInstance "plan_definitif"
AttributeEnd

AttributeBegin
    Transform [ -0.298731327 -0.954337239 0 0 0.954337239 -0.298731327 0 0 0 0 1 0 28.1856461 1.49162233 2.88834572 1  ]
    ObjectInstance "plan_definitif"
AttributeEnd

AttributeBegin
    Transform [ -0.298731327 -0.954337239 0 0 0.954337239 -0.298731327 0 0 0 0 1 0 28.1856461 3.37068367 2.88834572 1  ]
    ObjectInstance "plan_definitif.001"
AttributeEnd

AttributeBegin
    Transform [ -0.298731327 -0.954337239 0 0 0.954337239 -0.298731327 0 0 0 0 1 0 28.1856461 0.209195763 2.88834572 1  ]
    ObjectInstance "plan_definitif.001"
AttributeEnd

AttributeBegin
    Transform [ 0.954337239 -0.298731297 0 0 0.298731297 0.954337239 0 0 0 0 1 0 24.6005383 -1.6060276 2.88834572 1  ]
    ObjectInstance "plan_definitif.001"
AttributeEnd

AttributeBegin
    Transform [ 0.954337239 -0.298731297 0 0 0.298731297 0.954337239 0 0 0 0 1 0 21.4390507 -1.6060276 2.88834572 1  ]
    ObjectInstance "plan_definitif.001"
AttributeEnd

AttributeBegin
    Transform [ 0.954337239 -0.298731297 0 0 0.298731297 0.954337239 0 0 0 0 1 0 23.3181114 -1.6060276 2.88834572 1  ]
    ObjectInstance "plan_definitif"
AttributeEnd

AttributeBegin
    Transform [ 0.954337239 -0.298731297 0 0 0.298731297 0.954337239 0 0 0 0 1 0 22.516737 -1.6060276 2.88834572 1  ]
    ObjectInstance "plan_definitif"
AttributeEnd

AttributeBegin
    Transform [ 1 0 0 0 0 7.54999974e-08 1 0 0 -1 7.54999974e-08 0 25.7642822 2.474998 3.69714713 1  ]
    ObjectInstance "Plane.027"
AttributeEnd

AttributeBegin
    Transform [ 1 0 0 0 0 7.54999974e-08 1 0 0 -1 7.54999974e-08 0 25.7242813 2.474998 3.69714713 1  ]
    ObjectInstance "Plane.027"
AttributeEnd

AttributeBegin
    Transform [ 1 0 0 0 0 7.54999974e-08 1 0 0 -1 7.54999974e-08 0 24.5642815 2.474998 3.69714713 1  ]
    ObjectInstance "Plane.027"
AttributeEnd

AttributeBegin
    Transform [ 1 0 0 0 0 7.54999974e-08 1 0 0 -1 7.54999974e-08 0 24.5242805 2.474998 3.69714713 1  ]
    ObjectInstance "Plane.027"
AttributeEnd

AttributeBegin
    Transform [ 1 0 0 0 0 7.54999974e-08 1 0 0 -1 7.54999974e-08 0 23.3670521 2.474998 3.69714713 1  ]
    ObjectInstance "Plane.027"
AttributeEnd

AttributeBegin
    Transform [ 1 0 0 0 0 7.54999974e-08 1 0 0 -1 7.54999974e-08 0 23.3270512 2.474998 3.69714713 1  ]
    ObjectInstance "Plane.027"
AttributeEnd

AttributeBegin
    Transform [ 1 0 0 0 0 7.54999974e-08 1 0 0 -1 7.54999974e-08 0 22.1670513 2.474998 3.69714713 1  ]
    ObjectInstance "Plane.027"
AttributeEnd

AttributeBegin
    Transform [ 1 0 0 0 0 7.54999974e-08 1 0 0 -1 7.54999974e-08 0 22.1270504 2.474998 3.69714713 1  ]
    ObjectInstance "Plane.027"
AttributeEnd

AttributeBegin
    Transform [ 1 0 0 0 0 1 0 0 0 0 1 0 28.8257408 4.09832287 2.65371537 1  ]
    ObjectInstance "Plane.023"
AttributeEnd

AttributeBegin
    Transform [ 1 0 0 0 0 1 0 0 0 0 1 0 28.8257408 -2.92825818 2.65371537 1  ]
    ObjectInstance "Plane.023"
AttributeEnd

AttributeBegin
    Transform [ 1 0 0 0 0 1 0 0 0 0 1 0 28.8257408 -0.245410055 2.65371537 1  ]
    ObjectInstance "Plane.023"
AttributeEnd

AttributeBegin
    Transform [ 1 0 0 0 0 1 0 0 0 0 1 0 19.1798935 -0.245410055 2.65371537 1  ]
    ObjectInstance "Plane.023"
AttributeEnd

AttributeBegin
    Transform [ 1 0 0 0 0 1 0 0 0 0 1 0 19.1798935 -2.9475162 2.65371537 1  ]
    ObjectInstance "Plane.023"
AttributeEnd

AttributeBegin
    Transform [ 1 0 0 0 0 1 0 0 0 0 1 0 17.6266499 0.0078760609 1.85448456 1  ]
    ObjectInstance "Plane.023"
AttributeEnd

AttributeBegin
    Transform [ 1 0 0 0 0 1 0 0 0 0 1 0 17.6266499 -2.94147253 1.85448456 1  ]
    ObjectInstance "Plane.023"
AttributeEnd

AttributeBegin
    Transform [ 1 0 0 0 0 1 0 0 0 0 1 0 7.17237329 -2.94147253 1.85448456 1  ]
    ObjectInstance "Plane.023"
AttributeEnd

AttributeBegin
    Transform [ 1 0 0 0 0 1 0 0 0 0 1 0 9.21513653 0.134097368 1.85448456 1  ]
    ObjectInstance "Plane.023"
AttributeEnd

AttributeBegin
    Transform [ 1 0 0 0 0 1 0 0 0 0 1 0 7.16859818 0.134097368 1.85448456 1  ]
    ObjectInstance "Plane.023"
AttributeEnd

AttributeBegin
    Transform [ 0.0235968325 0 0 0 0 0.0235968325 0 0 0 0 0.0235968325 0 24.0856972 7.19476891 4.08108759 1  ]
    NamedMaterial "PlastiqueLampe.001"
    Shape "plymesh" "string filename" [ "geometry/mesh_00046.ply" ] 
AttributeEnd

AttributeBegin
    Transform [ 0.152292088 0 0 0 0 0.152292088 0 0 0 0 0.152292088 0 24.0857315 7.19450235 4.29716158 1  ]
    NamedMaterial "Verre.001"
    Shape "plymesh" "string filename" [ "geometry/mesh_00047.ply" ] 
AttributeEnd

AttributeBegin
    Transform [ 0.00697375555 0 0 0 0 4.99999986e-10 -0.00697375555 0 -0 0.00697375555 4.99999986e-10 0 24.085701 7.21682835 4.36061907 1  ]
    NamedMaterial "CaoutchoucLampe"
    Shape "plymesh" "string filename" [ "geometry/mesh_00048.ply" ] 
AttributeEnd

AttributeBegin
    Transform [ -0.00348687661 0.00603944901 0 0 -4.99999986e-10 -2.99999997e-10 -0.00697375555 0 -0.00603944901 -0.00348687661 4.99999986e-10 0 24.0647049 7.18191528 4.36061907 1  ]
    NamedMaterial "CaoutchoucLampe"
    Shape "plymesh" "string filename" [ "geometry/mesh_00049.ply" ] 
AttributeEnd

AttributeBegin
    Transform [ -0.00348687824 -0.00603944948 0 0 4.99999986e-10 -2.99999997e-10 -0.00697375555 0 0.00603944948 -0.00348687824 4.99999986e-10 0 24.1050377 7.18207073 4.36061907 1  ]
    NamedMaterial "CaoutchoucLampe"
    Shape "plymesh" "string filename" [ "geometry/mesh_00050.ply" ] 
AttributeEnd

AttributeBegin
    Transform [ 0.00906746555 0 0 0 0 0.00906746555 0 0 0 0 0.00906746555 0 24.0856285 7.19457054 4.39416409 1  ]
    NamedMaterial "PlastiqueLampe"
    Shape "plymesh" "string filename" [ "geometry/mesh_00051.ply" ] 
AttributeEnd

AttributeBegin
    Transform [ 0.00906746555 0 0 0 0 0.00906746555 0 0 0 0 0.00906746555 0 23.0683498 7.19457054 4.39416409 1  ]
    NamedMaterial "PlastiqueLampe"
    Shape "plymesh" "string filename" [ "geometry/mesh_00052.ply" ] 
AttributeEnd

AttributeBegin
    Transform [ -0.00348687824 -0.00603944948 0 0 4.99999986e-10 -2.99999997e-10 -0.00697375555 0 0.00603944948 -0.00348687824 4.99999986e-10 0 23.0877609 7.18207073 4.36061907 1  ]
    NamedMaterial "CaoutchoucLampe"
    Shape "plymesh" "string filename" [ "geometry/mesh_00053.ply" ] 
AttributeEnd

AttributeBegin
    Transform [ -0.00348687661 0.00603944901 0 0 -4.99999986e-10 -2.99999997e-10 -0.00697375555 0 -0.00603944901 -0.00348687661 4.99999986e-10 0 23.0474262 7.18191528 4.36061907 1  ]
    NamedMaterial "CaoutchoucLampe"
    Shape "plymesh" "string filename" [ "geometry/mesh_00054.ply" ] 
AttributeEnd

AttributeBegin
    Transform [ 0.00697375555 0 0 0 0 4.99999986e-10 -0.00697375555 0 -0 0.00697375555 4.99999986e-10 0 23.0684223 7.21682835 4.36061907 1  ]
    NamedMaterial "CaoutchoucLampe"
    Shape "plymesh" "string filename" [ "geometry/mesh_00055.ply" ] 
AttributeEnd

AttributeBegin
    Transform [ 0.152292088 0 0 0 0 0.152292088 0 0 0 0 0.152292088 0 23.0684528 7.19450235 4.29716158 1  ]
    NamedMaterial "Verre.001"
    Shape "plymesh" "string filename" [ "geometry/mesh_00056.ply" ] 
AttributeEnd

AttributeBegin
    Transform [ 0.0235968325 0 0 0 0 0.0235968325 0 0 0 0 0.0235968325 0 23.0684185 7.19476891 4.08108759 1  ]
    NamedMaterial "PlastiqueLampe.001"
    Shape "plymesh" "string filename" [ "geometry/mesh_00057.ply" ] 
AttributeEnd

AttributeBegin
    Transform [ 0.0235968325 0 0 0 0 0.0235968325 0 0 0 0 0.0235968325 0 22.1546688 7.19476891 4.08108759 1  ]
    NamedMaterial "PlastiqueLampe.001"
    Shape "plymesh" "string filename" [ "geometry/mesh_00058.ply" ] 
AttributeEnd

AttributeBegin
    Transform [ 0.152292088 0 0 0 0 0.152292088 0 0 0 0 0.152292088 0 22.1547031 7.19450235 4.29716158 1  ]
    NamedMaterial "Verre.001"
    Shape "plymesh" "string filename" [ "geometry/mesh_00059.ply" ] 
AttributeEnd

AttributeBegin
    Transform [ 0.00697375555 0 0 0 0 4.99999986e-10 -0.00697375555 0 -0 0.00697375555 4.99999986e-10 0 22.1546726 7.21682835 4.36061907 1  ]
    NamedMaterial "CaoutchoucLampe"
    Shape "plymesh" "string filename" [ "geometry/mesh_00060.ply" ] 
AttributeEnd

AttributeBegin
    Transform [ -0.00348687661 0.00603944901 0 0 -4.99999986e-10 -2.99999997e-10 -0.00697375555 0 -0.00603944901 -0.00348687661 4.99999986e-10 0 22.1336765 7.18191528 4.36061907 1  ]
    NamedMaterial "CaoutchoucLampe"
    Shape "plymesh" "string filename" [ "geometry/mesh_00061.ply" ] 
AttributeEnd

AttributeBegin
    Transform [ -0.00348687824 -0.00603944948 0 0 4.99999986e-10 -2.99999997e-10 -0.00697375555 0 0.00603944948 -0.00348687824 4.99999986e-10 0 22.1740112 7.18207073 4.36061907 1  ]
    NamedMaterial "CaoutchoucLampe"
    Shape "plymesh" "string filename" [ "geometry/mesh_00062.ply" ] 
AttributeEnd

AttributeBegin
    Transform [ 0.00906746555 0 0 0 0 0.00906746555 0 0 0 0 0.00906746555 0 22.1546001 7.19457054 4.39416409 1  ]
    NamedMaterial "PlastiqueLampe"
    Shape "plymesh" "string filename" [ "geometry/mesh_00063.ply" ] 
AttributeEnd

AttributeBegin
    Transform [ -1 8.73999966e-08 0 0 -8.73999966e-08 -1 0 0 0 0 1 0 15.1866188 7.0979414 2.67478919 1  ]
    NamedMaterial "Inox"
    Shape "plymesh" "string filename" [ "geometry/mesh_00064.ply" ] 
    NamedMaterial "livroom-table"
    Shape "plymesh" "string filename" [ "geometry/mesh_00065.ply" ] 
AttributeEnd

AttributeBegin
    Transform [ -0.917993307 -0.358307451 -0.170011953 0 0.396335602 -0.844351888 -0.360538512 0 -0.0143662775 -0.398353726 0.917119384 0 29.1606216 -4.98211622 1.47140002 1  ]
    ObjectInstance "unnamed_obj_0.001"
AttributeEnd

AttributeBegin
    Transform [ -0.799091697 -0.588622332 -0.122377507 0 0.601011992 -0.787318289 -0.137530133 0 -0.0153967449 -0.183449537 0.982908547 0 29.154068 -3.71609521 1.88958859 1  ]
    ObjectInstance "unnamed_obj_0"
AttributeEnd

AttributeBegin
    Transform [ -0.729593515 0.674242735 0.114411578 0 -0.683707714 -0.715362132 -0.144224733 0 -0.0153967692 -0.183449507 0.982908547 0 27.9300537 -3.71609521 1.88958859 1  ]
    ObjectInstance "unnamed_obj_0"
AttributeEnd

AttributeBegin
    Transform [ -0.78578496 -0.562704325 -0.256721377 0 0.618332982 -0.724346697 -0.304936439 0 -0.0143662188 -0.398353755 0.917119324 0 27.9366074 -4.98211622 1.47140002 1  ]
    ObjectInstance "unnamed_obj_0.001"
AttributeEnd

AttributeBegin
    Transform [ -0.511246026 -0.785330057 -0.349119127 0 0.859314322 -0.473889172 -0.192374513 0 -0.0143662803 -0.398353785 0.917119324 0 26.5587559 -4.98211622 1.47140002 1  ]
    ObjectInstance "unnamed_obj_0.001"
AttributeEnd

AttributeBegin
    Transform [ 0.344252259 -0.923897684 -0.167043269 0 0.938750923 0.335796565 0.0773779228 0 -0.0153967282 -0.183449551 0.982908547 0 26.5522022 -3.71609521 1.88958859 1  ]
    ObjectInstance "unnamed_obj_0"
AttributeEnd

AttributeBegin
    Transform [ 0.359451175 0.916291833 0.176646873 0 -0.933036864 0.356027424 0.051833231 0 -0.0153967636 -0.183449566 0.982908547 0 25.2546139 -3.71609521 1.88958859 1  ]
    ObjectInstance "unnamed_obj_0"
AttributeEnd

AttributeBegin
    Transform [ -0.98927325 -0.127685323 -0.0709570199 0 0.14536868 -0.908300996 -0.392246366 0 -0.0143662253 -0.398353785 0.917119324 0 25.2611675 -4.98211622 1.47140002 1  ]
    ObjectInstance "unnamed_obj_0.001"
AttributeEnd

AttributeBegin
    Transform [ -0.97267288 -0.20700486 -0.105149627 0 0.231734917 -0.893567741 -0.384494036 0 -0.0143661788 -0.398353755 0.917119324 0 23.8632507 -4.98211622 1.47140002 1  ]
    ObjectInstance "unnamed_obj_0.001"
AttributeEnd

AttributeBegin
    Transform [ -0.942352533 0.331294388 0.0470711216 0 -0.334267259 -0.925521612 -0.177974999 0 -0.0153967729 -0.183449522 0.982908547 0 23.8566971 -3.71609521 1.88958859 1  ]
    ObjectInstance "unnamed_obj_0"
AttributeEnd

AttributeBegin
    Transform [ -0.999877334 8.73999966e-08 -0.0156625584 0 0.00287320302 -0.983029127 -0.183427021 0 -0.0153967673 -0.183449522 0.982908547 0 22.579174 -3.71609521 1.88958859 1  ]
    ObjectInstance "unnamed_obj_0"
AttributeEnd

AttributeBegin
    Transform [ -0.978372455 -0.183687761 -0.0951110721 0 0.206351444 -0.898650706 -0.387099475 0 -0.0143661965 -0.398353755 0.917119324 0 22.5857277 -4.98211622 1.47140002 1  ]
    ObjectInstance "unnamed_obj_0.001"
AttributeEnd

AttributeBegin
    Transform [ -0.968589365 0.248162031 -0.015818134 0 -0.219464064 -0.883023143 -0.414856166 0 -0.116919331 -0.398353785 0.909749508 0 21.2780781 -4.98211622 1.38612866 1  ]
    ObjectInstance "unnamed_obj_0.001"
AttributeEnd

AttributeBegin
    Transform [ -0.933078229 -0.312167227 -0.178652242 0 0.337139845 -0.932146907 -0.132056177 0 -0.125306517 -0.183449537 0.975010037 0 21.2247639 -3.71609521 1.80095649 1  ]
    ObjectInstance "unnamed_obj_0"
AttributeEnd

AttributeBegin
    Transform [ -0.945835948 8.2699998e-08 -0.324644923 0 0.0595558807 -0.983029127 -0.173513189 0 -0.319135427 -0.183449537 0.929784298 0 19.9461403 -3.71609521 1.52379155 1  ]
    ObjectInstance "unnamed_obj_0"
AttributeEnd

AttributeBegin
    Transform [ -0.85747236 -0.287841529 -0.426483721 0 0.419608593 -0.870896935 -0.255865514 0 -0.297774643 -0.398353845 0.86755085 0 20.0819206 -4.98211622 1.12820578 1  ]
    ObjectInstance "unnamed_obj_0.001"
AttributeEnd

AttributeBegin
    Transform [ 1 0 0 0 0 1 0 0 0 0 1 0 7.10105133 3.22704434 8.02319717 1  ]
    NamedMaterial "Inox"
    Shape "plymesh" "string filename" [ "geometry/mesh_00066.ply" ] 
AttributeEnd

AttributeBegin
    Transform [ 1 0 0 0 0 1 0 0 0 0 1 0 7.2509532 3.79999971 3.74913669 1  ]
    NamedMaterial "Menuiseries"
    Shape "plymesh" "string filename" [ "geometry/mesh_00067.ply" ] 
    NamedMaterial "Verre"
    Shape "plymesh"
        "string filename" [ "geometry/mesh_00068.ply" ] 
AttributeEnd

AttributeBegin
    Transform [ 1 0 0 0 0 1 0 0 0 0 1 0 23.5561733 2.45679307 4.50842476 1  ]
    NamedMaterial "Inox.003"
    Shape "plymesh" "string filename" [ "geometry/mesh_00069.ply" ] 
AttributeEnd

AttributeBegin
    Transform [ 1 0 0 0 0 1 0 0 0 0 1 0 23.5561733 2.45679307 4.50842476 1  ]
    NamedMaterial "Clay"
    Shape "plymesh" "string filename" [ "geometry/mesh_00070.ply" ] 
AttributeEnd

AttributeBegin
    Transform [ 0.985778034 0.168051377 0.000675632211 0 -0.167995185 0.985537708 -0.0222057607 0 -0.00439756969 0.0217764489 0.999753177 0 16.803545 5.51565552 2.94505548 1  ]
    NamedMaterial "Inox.002"
    Shape "plymesh" "string filename" [ "geometry/mesh_00071.ply" ] 
    NamedMaterial "Cuir"
    Shape "plymesh" "string filename" [ "geometry/mesh_00072.ply" ] 
AttributeEnd

AttributeBegin
    Transform [ 0.954337239 -0.298731297 0 0 0.298731297 0.954337239 0 0 0 0 1 0 15.7013397 -1.8259232 2.08570695 1  ]
    ObjectInstance "plan_definitif.017"
AttributeEnd

AttributeBegin
    Transform [ 0.958419085 -0.285364419 0 0 0.285364419 0.958419085 0 0 0 0 1 0 14.2314568 -1.8259232 2.08570695 1  ]
    ObjectInstance "plan_definitif.017"
AttributeEnd

AttributeBegin
    Transform [ 0.954211712 -0.299132049 0 0 0.299132049 0.954211712 0 0 0 0 1 0 12.2458258 -1.8259232 2.08570695 1  ]
    ObjectInstance "plan_definitif.017"
AttributeEnd

AttributeBegin
    Transform [ -0.428376973 -0.828810871 -0.35995242 0 0.903600097 -0.392921001 -0.170645565 0 2.44000002e-08 -0.398353696 0.917231917 0 14.4829988 -4.98211575 0.641988695 1  ]
    ObjectInstance "unnamed_obj_0.001"
AttributeEnd

AttributeBegin
    Transform [ 0.85662657 -0.473233789 -0.205525339 0 0.515936911 0.785725176 0.341240436 0 -6.41e-08 -0.398353726 0.917231858 0 15.8829985 -4.98211622 0.641988635 1  ]
    ObjectInstance "unnamed_obj_0.001"
AttributeEnd

AttributeBegin
    Transform [ 0.384047806 -0.846892297 -0.367805332 0 0.9233132 0.352260858 0.152986929 0 -2.22000001e-08 -0.398353815 0.917231858 0 17.282999 -4.98211622 0.641988635 1  ]
    ObjectInstance "unnamed_obj_0.001"
AttributeEnd

AttributeBegin
    Transform [ -0.933915675 0.357094735 -0.0168765951 0 -0.315234333 -0.844865441 -0.432237983 0 -0.168608353 -0.398353755 0.901601613 0 18.7214394 -4.98211622 0.759258211 1  ]
    ObjectInstance "unnamed_obj_0.001"
AttributeEnd

AttributeBegin
    Transform [ -0.377101898 -0.849514246 -0.368944079 0 0.92617178 -0.345889896 -0.150219917 0 -7.6100001e-08 -0.398353815 0.917231858 0 13.0829973 -4.98211575 0.641988695 1  ]
    ObjectInstance "unnamed_obj_0.001"
AttributeEnd

AttributeBegin
    Transform [ -0.980698705 -0.179341808 -0.0778881013 0 0.19552505 -0.899528086 -0.390665025 0 4.07000016e-08 -0.398353785 0.917231858 0 11.6829977 -4.98211575 0.641988695 1  ]
    ObjectInstance "unnamed_obj_0.001"
AttributeEnd

AttributeBegin
    Transform [ 0.952485025 -0.279375464 -0.121332824 0 0.304585487 0.873649597 0.379426003 0 5.32000008e-08 -0.398353785 0.917231858 0 10.2829981 -4.98211575 0.641988695 1  ]
    ObjectInstance "unnamed_obj_0.001"
AttributeEnd

AttributeBegin
    Transform [ -0.0302201118 -0.916812897 -0.398171872 0 0.99954325 -0.0277188495 -0.0120382942 0 -3.20000004e-09 -0.398353815 0.917231858 0 8.88299847 -4.98211527 0.641988873 1  ]
    ObjectInstance "unnamed_obj_0.001"
AttributeEnd

AttributeBegin
    Transform [ -1 8.73999966e-08 2.83000006e-08 0 -9.14999987e-08 -0.917231858 -0.398353785 0 -8.89999985e-09 -0.398353785 0.917231858 0 7.68299723 -4.98211575 0.641988635 1  ]
    ObjectInstance "unnamed_obj_0.001"
AttributeEnd

AttributeBegin
    Transform [ 0.999921739 0.0125110848 0 0 -0.0125110848 0.999921739 0 0 0 0 1 0 23.55023 6.71957922 2.79164934 1  ]
    ObjectInstance "ASSISE (2).001"
AttributeEnd

AttributeBegin
    Transform [ 0.999921739 0.0125110848 0 0 -0.0125110848 0.999921739 0 0 0 0 1 0 23.5503178 6.71763086 2.97164917 1  ]
    NamedMaterial "MetalRough"
    Shape "plymesh" "string filename" [ "geometry/mesh_00073.ply" ] 
    NamedMaterial "Inox.001"
    Shape "plymesh" "string filename" [ "geometry/mesh_00074.ply" ] 
    NamedMaterial "Aluminium"
    Shape "plymesh" "string filename" [ "geometry/mesh_00075.ply" ] 
AttributeEnd

AttributeBegin
    Transform [ 0.999921739 0.0125110848 0 0 -0.0125110848 0.999921739 0 0 0 0 1 0 22.8140316 6.71763086 2.97164917 1  ]
    NamedMaterial "MetalRough"
    Shape "plymesh" "string filename" [ "geometry/mesh_00076.ply" ] 
    NamedMaterial "Inox.001"
    Shape "plymesh" "string filename" [ "geometry/mesh_00077.ply" ] 
    NamedMaterial "Aluminium"
    Shape "plymesh" "string filename" [ "geometry/mesh_00078.ply" ] 
AttributeEnd

AttributeBegin
    Transform [ 0.999921739 0.0125110848 0 0 -0.0125110848 0.999921739 0 0 0 0 1 0 22.8139439 6.71957922 2.79164934 1  ]
    ObjectInstance "ASSISE (2).001"
AttributeEnd

AttributeBegin
    Transform [ 0.999921739 0.0125110848 0 0 -0.0125110848 0.999921739 0 0 0 0 1 0 22.0259895 6.71957922 2.79164934 1  ]
    ObjectInstance "ASSISE (2).001"
AttributeEnd

AttributeBegin
    Transform [ 0.999921739 0.0125110848 0 0 -0.0125110848 0.999921739 0 0 0 0 1 0 22.0260773 6.71763086 2.97164917 1  ]
    NamedMaterial "MetalRough"
    Shape "plymesh" "string filename" [ "geometry/mesh_00079.ply" ] 
    NamedMaterial "Inox.001"
    Shape "plymesh" "string filename" [ "geometry/mesh_00080.ply" ] 
    NamedMaterial "Aluminium"
    Shape "plymesh" "string filename" [ "geometry/mesh_00081.ply" ] 
AttributeEnd

AttributeBegin
    Transform [ 1.31000002e-08 1.10000002 0 0 -1.10000002 1.31000002e-08 0 0 0 0 1.10000002 0 20.9599781 3.36955595 3.20831633 1  ]
    NamedMaterial "LaqueBlanche"
    Shape "plymesh" "string filename" [ "geometry/mesh_00082.ply" ] 
AttributeEnd

AttributeBegin
    Transform [ 1.31000002e-08 1.10000002 0 0 -1.10000002 1.31000002e-08 0 0 0 0 1.10000002 0 20.9597626 3.35813808 2.78394032 1  ]
    NamedMaterial "Inox"
    Shape "plymesh" "string filename" [ "geometry/mesh_00083.ply" ] 
AttributeEnd

AttributeBegin
    Transform [ 1.31000002e-08 1.10000002 0 0 -1.10000002 1.31000002e-08 0 0 0 0 1.10000002 0 20.9599819 3.3577857 2.55887651 1  ]
    NamedMaterial "CaoutchoucNoir"
    Shape "plymesh" "string filename" [ "geometry/mesh_00084.ply" ] 
AttributeEnd

AttributeBegin
    Transform [ 1.31000002e-08 1.10000002 0 0 -1.10000002 1.31000002e-08 0 0 0 0 1.10000002 0 21.6547413 3.3577857 2.55887651 1  ]
    NamedMaterial "CaoutchoucNoir"
    Shape "plymesh" "string filename" [ "geometry/mesh_00085.ply" ] 
AttributeEnd

AttributeBegin
    Transform [ 1.31000002e-08 1.10000002 0 0 -1.10000002 1.31000002e-08 0 0 0 0 1.10000002 0 21.6545219 3.35813808 2.78394032 1  ]
    NamedMaterial "Inox"
    Shape "plymesh" "string filename" [ "geometry/mesh_00086.ply" ] 
AttributeEnd

AttributeBegin
    Transform [ 1.31000002e-08 1.10000002 0 0 -1.10000002 1.31000002e-08 0 0 0 0 1.10000002 0 21.6547375 3.36955595 3.20831633 1  ]
    NamedMaterial "LaqueBlanche"
    Shape "plymesh" "string filename" [ "geometry/mesh_00087.ply" ] 
AttributeEnd

AttributeBegin
    Transform [ 1.31000002e-08 1.10000002 0 0 -1.10000002 1.31000002e-08 0 0 0 0 1.10000002 0 22.3494968 3.36955595 3.20831633 1  ]
    NamedMaterial "LaqueBlanche"
    Shape "plymesh" "string filename" [ "geometry/mesh_00088.ply" ] 
AttributeEnd

AttributeBegin
    Transform [ 1.31000002e-08 1.10000002 0 0 -1.10000002 1.31000002e-08 0 0 0 0 1.10000002 0 22.3492813 3.35813808 2.78394032 1  ]
    NamedMaterial "Inox"
    Shape "plymesh" "string filename" [ "geometry/mesh_00089.ply" ] 
AttributeEnd

AttributeBegin
    Transform [ 1.31000002e-08 1.10000002 0 0 -1.10000002 1.31000002e-08 0 0 0 0 1.10000002 0 22.3495007 3.3577857 2.55887651 1  ]
    NamedMaterial "CaoutchoucNoir"
    Shape "plymesh" "string filename" [ "geometry/mesh_00090.ply" ] 
AttributeEnd

AttributeBegin
    Transform [ 1.31000002e-08 1.10000002 0 0 -1.10000002 1.31000002e-08 0 0 0 0 1.10000002 0 23.0325508 3.3577857 2.55887651 1  ]
    NamedMaterial "CaoutchoucNoir"
    Shape "plymesh" "string filename" [ "geometry/mesh_00091.ply" ] 
AttributeEnd

AttributeBegin
    Transform [ 1.31000002e-08 1.10000002 0 0 -1.10000002 1.31000002e-08 0 0 0 0 1.10000002 0 23.0323315 3.35813808 2.78394032 1  ]
    NamedMaterial "Inox"
    Shape "plymesh" "string filename" [ "geometry/mesh_00092.ply" ] 
AttributeEnd

AttributeBegin
    Transform [ 1.31000002e-08 1.10000002 0 0 -1.10000002 1.31000002e-08 0 0 0 0 1.10000002 0 23.032547 3.36955595 3.20831633 1  ]
    NamedMaterial "LaqueBlanche"
    Shape "plymesh" "string filename" [ "geometry/mesh_00093.ply" ] 
AttributeEnd

AttributeBegin
    Transform [ 1.31000002e-08 1.10000002 0 0 -1.10000002 1.31000002e-08 0 0 0 0 1.10000002 0 23.8561115 3.36955595 3.20831633 1  ]
    NamedMaterial "LaqueBlanche"
    Shape "plymesh" "string filename" [ "geometry/mesh_00094.ply" ] 
AttributeEnd

AttributeBegin
    Transform [ 1.31000002e-08 1.10000002 0 0 -1.10000002 1.31000002e-08 0 0 0 0 1.10000002 0 23.855896 3.35813808 2.78394032 1  ]
    NamedMaterial "Inox"
    Shape "plymesh" "string filename" [ "geometry/mesh_00095.ply" ] 
AttributeEnd

AttributeBegin
    Transform [ 1.31000002e-08 1.10000002 0 0 -1.10000002 1.31000002e-08 0 0 0 0 1.10000002 0 23.8561153 3.3577857 2.55887651 1  ]
    NamedMaterial "CaoutchoucNoir"
    Shape "plymesh" "string filename" [ "geometry/mesh_00096.ply" ] 
AttributeEnd

AttributeBegin
    Transform [ 8.30000033e-08 -1.10000002 0 0 1.10000002 8.30000033e-08 0 0 0 0 1.10000002 0 23.8559628 1.62506366 2.55887651 1  ]
    NamedMaterial "CaoutchoucNoir"
    Shape "plymesh" "string filename" [ "geometry/mesh_00097.ply" ] 
AttributeEnd

AttributeBegin
    Transform [ 8.30000033e-08 -1.10000002 0 0 1.10000002 8.30000033e-08 0 0 0 0 1.10000002 0 23.8561821 1.62471128 2.78394032 1  ]
    NamedMaterial "Inox"
    Shape "plymesh" "string filename" [ "geometry/mesh_00098.ply" ] 
AttributeEnd

AttributeBegin
    Transform [ 8.30000033e-08 -1.10000002 0 0 1.10000002 8.30000033e-08 0 0 0 0 1.10000002 0 23.8559666 1.61329341 3.20831633 1  ]
    NamedMaterial "LaqueBlanche"
    Shape "plymesh" "string filename" [ "geometry/mesh_00099.ply" ] 
AttributeEnd

AttributeBegin
    Transform [ 8.30000033e-08 -1.10000002 0 0 1.10000002 8.30000033e-08 0 0 0 0 1.10000002 0 23.0245972 1.61329341 3.20831633 1  ]
    NamedMaterial "LaqueBlanche"
    Shape "plymesh" "string filename" [ "geometry/mesh_00100.ply" ] 
AttributeEnd

AttributeBegin
