#############################################

AttributeBegin
    NamedMaterial "Leave A_b"
    Shape "plymesh"
        "string filename" [ "geometry/hojas_b2_00001.ply" ]
        "texture alpha" [ "Leave A_b_Alpha" ]
AttributeEnd

AttributeBegin
    ObjectBegin "Hoja_B01-b2"

    AttributeBegin
        Transform [ 1 0 0 0 0 1 0 0 0 0 1 0 0 0 0 1  ]
        NamedMaterial "Leave A_b"
        Shape "plymesh"
            "string filename" [ "geometry/hojas_b2_00002.ply" ]
            "texture alpha" [ "Leave A_b_Alpha" ]
    AttributeEnd
    ObjectEnd
AttributeEnd

AttributeBegin
    Transform [ 0.401806 -0.909591 -0.105814 0 -0.913975 -0.391212 -0.107712 0 -0.0565781 -0.13999 0.988535 0 16.853 -6.87104 6.47001 1  ]
    ObjectInstance "Hoja_B01-b2"
AttributeEnd

AttributeBegin
    Transform [ 0.988478 0.149416 -0.0242 0 0.0706604 -0.596903 -0.799195 0 0.133857 -0.788277 0.600584 0 16.853 -6.87104 6.47001 1  ]
    ObjectInstance "Hoja_B01-b2"
AttributeEnd

AttributeBegin
    Transform [ -0.593396 -0.788278 0.162783 0 -0.558381 0.257483 -0.788615 0 -0.579734 0.558856 0.592949 0 18.53 -7.89353 3.05005 1  ]
    ObjectInstance "Hoja_B01-b2"
AttributeEnd

AttributeBegin
    Transform [ 0.78647 -0.615345 0.0530566 0 -0.237605 -0.380734 -0.893636 0 -0.570095 -0.690212 0.445645 0 18.7005 -7.80361 3.02786 1  ]
    ObjectInstance "Hoja_B01-b2"
AttributeEnd

AttributeBegin
    Transform [ 0.789158 -0.613392 0.0312928 0 -0.593162 -0.774368 -0.220257 0 -0.159336 -0.155256 0.97494 0 18.6983 -7.78662 3.08115 1  ]
    ObjectInstance "Hoja_B01-b2"
AttributeEnd

AttributeBegin
    Transform [ -0.812142 0.568913 0.129475 0 0.465604 0.765667 -0.443809 0 0.351624 0.300152 0.886718 0 18.5867 -7.97425 3.12468 1  ]
    ObjectInstance "Hoja_B01-b2"
AttributeEnd

AttributeBegin
    Transform [ 0.100825 -0.975703 0.194518 0 -0.89665 -0.173833 -0.407186 0 -0.431106 0.13336 0.892392 0 18.6192 -7.81535 3.14155 1  ]
    ObjectInstance "Hoja_B01-b2"
AttributeEnd

AttributeBegin
    Transform [ 0.196272 -0.958403 0.207224 0 -0.890032 -0.262815 -0.372518 0 -0.411484 0.111321 0.904593 0 18.5826 -7.78379 3.07875 1  ]
    ObjectInstance "Hoja_B01-b2"
AttributeEnd

AttributeBegin
    Transform [ 0.873782 0.409792 0.261871 0 0.486315 -0.738357 -0.467254 0 -0.00187754 -0.53563 0.844451 0 18.7407 -7.84059 3.1413 1  ]
    ObjectInstance "Hoja_B01-b2"
AttributeEnd

AttributeBegin
    Transform [ -0.993694 0.0890744 0.0681099 0 0.0697486 0.966618 -0.246545 0 0.0877971 0.24024 0.966735 0 18.5125 -7.81869 3.16676 1  ]
    ObjectInstance "Hoja_B01-b2"
AttributeEnd

AttributeBegin
    Transform [ 0.92801 -0.285263 -0.239629 0 -0.360828 -0.848311 -0.387519 0 0.0927355 -0.446086 0.890173 0 18.676 -7.73329 3.19586 1  ]
    ObjectInstance "Hoja_B01-b2"
AttributeEnd

AttributeBegin
    Transform [ 0.833923 -0.478608 0.274785 0 -0.299568 -0.810732 -0.502963 0 -0.463499 -0.337116 0.819464 0 18.6125 -7.69292 3.21927 1  ]
    ObjectInstance "Hoja_B01-b2"
AttributeEnd

AttributeBegin
    Transform [ 0.401599 -0.914972 -0.0392961 0 -0.798118 -0.328622 -0.50499 0 -0.449138 -0.234167 0.86223 0 18.5734 -7.65686 3.26583 1  ]
    ObjectInstance "Hoja_B01-b2"
AttributeEnd

AttributeBegin
    Transform [ 0.907164 -0.350343 -0.233051 0 -0.403175 -0.882235 -0.243128 0 0.120428 -0.314518 0.941581 0 18.6205 -7.60997 3.2889 1  ]
    ObjectInstance "Hoja_B01-b2"
AttributeEnd

AttributeBegin
    Transform [ -0.936704 0.173516 0.304102 0 0.0269101 0.901669 -0.431588 0 0.349087 0.396087 0.849266 0 18.4758 -7.71049 3.28829 1  ]
    ObjectInstance "Hoja_B01-b2"
AttributeEnd

AttributeBegin
    Transform [ -0.476219 -0.871351 -0.118164 0 -0.769823 0.478076 -0.422867 0 -0.424957 0.110412 0.898455 0 18.5104 -7.56136 3.28371 1  ]
    ObjectInstance "Hoja_B01-b2"
AttributeEnd

AttributeBegin
    Transform [ 0.110802 -0.978558 0.17363 0 -0.624184 -0.20447 -0.754047 0 -0.77338 0.0248271 0.633456 0 18.5065 -7.49711 3.30954 1  ]
    ObjectInstance "Hoja_B01-b2"
AttributeEnd

AttributeBegin
    Transform [ -0.779917 -0.565845 0.267484 0 -0.600571 0.796898 -0.0653296 0 0.176191 0.211595 0.961345 0 18.4234 -7.5576 3.3491 1  ]
    ObjectInstance "Hoja_B01-b2"
AttributeEnd

AttributeBegin
    Transform [ -0.18569 0.982197 0.0284179 0 0.746928 0.159884 -0.645396 0 0.63845 0.0986175 0.763319 0 19.0363 -8.22165 3.18169 1  ]
    ObjectInstance "Hoja_B01-b2"
AttributeEnd

AttributeBegin
    Transform [ -0.631786 0.743779 0.218265 0 0.743663 0.661033 -0.100004 0 0.218661 -0.0991339 0.970752 0 19.1236 -8.01448 3.21567 1  ]
    ObjectInstance "Hoja_B01-b2"
AttributeEnd

AttributeBegin
    Transform [ 0.299694 -0.95329 -0.0376993 0 -0.566003 -0.145851 -0.811399 0 -0.768 -0.264509 0.583276 0 19.0273 -7.93108 3.19403 1  ]
    ObjectInstance "Hoja_B01-b2"
AttributeEnd

AttributeBegin
    Transform [ 0.432775 0.895141 -0.106907 0 0.67385 -0.399982 -0.621241 0 0.598859 -0.196818 0.776293 0 19.1916 -8.14295 3.15485 1  ]
    ObjectInstance "Hoja_B01-b2"
AttributeEnd

AttributeBegin
    Transform [ -0.712534 0.689745 0.128638 0 0.633255 0.711136 -0.305406 0 0.302131 0.136152 0.943493 0 19.0679 -8.14698 3.25602 1  ]
    ObjectInstance "Hoja_B01-b2"
AttributeEnd

AttributeBegin
    Transform [ 0.375855 -0.915396 0.144164 0 -0.858941 -0.402526 -0.316533 0 -0.347783 0.00485804 0.937562 0 19.111 -7.97767 3.26675 1  ]
    ObjectInstance "Hoja_B01-b2"
AttributeEnd

AttributeBegin
    Transform [ 0.980851 -0.126565 -0.148033 0 -0.194582 -0.604122 -0.772771 0 -0.00837554 -0.786777 0.61718 0 19.2183 -7.94047 3.19685 1  ]
    ObjectInstance "Hoja_B01-b2"
AttributeEnd

AttributeBegin
    Transform [ -0.621624 0.778532 0.0864368 0 0.638412 0.567477 -0.52 0 0.453888 0.268062 0.849781 0 19.0809 -8.03531 3.23312 1  ]
    ObjectInstance "Hoja_B01-b2"
AttributeEnd

AttributeBegin
    Transform [ 0.918998 0.378431 0.1106 0 0.328807 -0.580861 -0.744639 0 0.217551 -0.720688 0.658241 0 19.2962 -8.09319 3.18714 1  ]
    ObjectInstance "Hoja_B01-b2"
AttributeEnd

AttributeBegin
    Transform [ -0.175944 -0.979561 -0.0974883 0 -0.979399 0.184159 -0.0828405 0 -0.0991007 -0.0809047 0.991783 0 19.1612 -7.93264 3.27247 1  ]
    ObjectInstance "Hoja_B01-b2"
AttributeEnd

AttributeBegin
    Transform [ 0.887112 0.401212 0.228169 0 0.444164 -0.607657 -0.658385 0 0.125504 -0.685406 0.717264 0 19.3625 -7.96944 3.27755 1  ]
    ObjectInstance "Hoja_B01-b2"
AttributeEnd

AttributeBegin
    Transform [ 0.55946 -0.820956 0.114173 0 -0.554519 -0.4731 -0.684606 0 -0.616047 -0.319698 0.719916 0 19.3608 -7.90064 3.30095 1  ]
    ObjectInstance "Hoja_B01-b2"
AttributeEnd

AttributeBegin
    Transform [ 0.666561 -0.74242 -0.0671492 0 -0.65078 -0.53561 -0.538152 0 -0.363569 -0.40241 0.840169 0 19.3719 -7.8666 3.24641 1  ]
    ObjectInstance "Hoja_B01-b2"
AttributeEnd

AttributeBegin
    Transform [ 0.533864 -0.839673 0.0996952 0 -0.618661 -0.468249 -0.630873 0 -0.576409 -0.275123 0.769454 0 19.3719 -7.86203 3.21804 1  ]
    ObjectInstance "Hoja_B01-b2"
AttributeEnd

AttributeBegin
    Transform [ 0.0726242 0.981514 0.177078 0 0.925212 -5.364e-7 -0.379451 0 0.372436 -0.191392 0.908108 0 19.3996 -8.01076 3.33048 1  ]
    ObjectInstance "Hoja_B01-b2"
AttributeEnd

AttributeBegin
    Transform [ 0.172646 -0.938943 0.297625 0 -0.846821 -0.295819 -0.442024 0 -0.503078 0.175721 0.846188 0 19.3926 -7.83058 3.32015 1  ]
    ObjectInstance "Hoja_B01-b2"
AttributeEnd

AttributeBegin
    Transform [ 0.915074 0.375348 0.14749 0 0.392783 -0.746582 -0.53697 0 0.0914368 -0.549299 0.830608 0 19.5409 -7.93574 3.29205 1  ]
    ObjectInstance "Hoja_B01-b2"
AttributeEnd

AttributeBegin
    Transform [ -0.594965 0.801973 -0.053449 0 0.730576 0.511878 -0.451928 0 0.335075 0.30793 0.890452 0 19.4104 -8.04627 3.33575 1  ]
    ObjectInstance "Hoja_B01-b2"
AttributeEnd

AttributeBegin
    Transform [ -0.17742 0.973719 -0.142806 0 0.557247 -0.020208 -0.830101 0 0.811171 0.226854 0.539016 0 19.5475 -8.02353 3.31516 1  ]
    ObjectInstance "Hoja_B01-b2"
AttributeEnd

AttributeBegin
    Transform [ 0.204946 -0.978689 0.0128306 0 -0.977975 -0.20529 -0.0376764 0 -0.0395075 0.0048264 0.999207 0 19.4985 -7.85966 3.35095 1  ]
    ObjectInstance "Hoja_B01-b2"
AttributeEnd

AttributeBegin
    Transform [ 0.964775 0.122308 0.232918 0 0.188826 -0.938407 -0.289374 0 -0.183179 -0.323162 0.928446 0 19.6734 -7.92391 3.36481 1  ]
    ObjectInstance "Hoja_B01-b2"
AttributeEnd

AttributeBegin
    Transform [ 0.236294 0.966988 -0.09539 0 0.929821 -0.253527 -0.266754 0 0.282132 0.0256632 0.959032 0 19.6486 -8.01495 3.37542 1  ]
    ObjectInstance "Hoja_B01-b2"
AttributeEnd

AttributeBegin
    Transform [ 0.781367 -0.613014 0.116959 0 -0.330167 -0.565097 -0.756079 0 -0.52958 -0.552159 0.643945 0 19.6337 -7.83868 3.37481 1  ]
    ObjectInstance "Hoja_B01-b2"
AttributeEnd

AttributeBegin
    Transform [ 0.747058 0.650813 -0.13545 0 0.578157 -0.736667 -0.350793 0 0.328083 -0.183751 0.926605 0 19.6731 -7.93169 3.3863 1  ]
    ObjectInstance "Hoja_B01-b2"
AttributeEnd

AttributeBegin
    Transform [ -0.976104 0.20586 -0.0695839 0 0.204486 0.761823 -0.614664 0 0.0735238 0.614205 0.785714 0 18.6655 -7.95722 3.4895 1  ]
    ObjectInstance "Hoja_B01-b2"
AttributeEnd

AttributeBegin
    Transform [ -0.51914 -0.83371 0.188208 0 -0.742963 0.331346 -0.581564 0 -0.422494 0.441745 0.79143 0 18.6382 -7.87247 3.51715 1  ]
    ObjectInstance "Hoja_B01-b2"
AttributeEnd

AttributeBegin
    Transform [ 0.0217157 0.970444 0.240346 0 0.995943 -1.416e-7 -0.0899847 0 0.0873251 -0.241325 0.966507 0 18.6822 -7.96256 3.57456 1  ]
    ObjectInstance "Hoja_B01-b2"
AttributeEnd

AttributeBegin
    Transform [ -0.814382 -0.558626 -0.157224 0 -0.480697 0.801125 -0.356551 0 -0.325135 0.214792 0.920952 0 18.649 -7.93033 3.6058 1  ]
    ObjectInstance "Hoja_B01-b2"
AttributeEnd

AttributeBegin
    Transform [ 0.636045 0.723892 -0.267258 0 0.607846 -0.683376 -0.404376 0 0.475362 -0.0947499 0.874673 0 18.8204 -7.97461 3.62167 1  ]
    ObjectInstance "Hoja_B01-b2"
AttributeEnd

AttributeBegin
    Transform [ 0.0170487 0.993273 0.11453 0 0.989102 -4.042e-7 -0.147232 0 0.146242 -0.115792 0.982449 0 18.7131 -7.9717 3.64575 1  ]
    ObjectInstance "Hoja_B01-b2"
AttributeEnd

AttributeBegin
    Transform [ -0.981938 0.188302 0.018423 0 0.185891 0.978308 -0.0914221 0 0.0352383 0.0863462 0.995642 0 18.6743 -7.94803 3.6869 1  ]
    ObjectInstance "Hoja_B01-b2"
AttributeEnd

AttributeBegin
    Transform [ -0.516401 -0.854548 0.0554683 0 -0.723201 0.400507 -0.562649 0 -0.458595 0.330667 0.824833 0 18.6284 -7.86517 3.67389 1  ]
    ObjectInstance "Hoja_B01-b2"
AttributeEnd

AttributeBegin
    Transform [ -0.216329 0.969486 0.115319 0 0.974393 0.22181 -0.0368739 0 0.0613276 -0.104389 0.992644 0 18.7094 -8.00838 3.70038 1  ]
    ObjectInstance "Hoja_B01-b2"
AttributeEnd

AttributeBegin
    Transform [ 0.384629 -0.91116 0.147811 0 -0.865926 -0.411628 -0.284138 0 -0.319739 0.018706 0.947321 0 18.7198 -7.774 3.70758 1  ]
    ObjectInstance "Hoja_B01-b2"
AttributeEnd

AttributeBegin
    Transform [ 0.531612 0.838974 -0.116241 0 0.697541 -0.511517 -0.501784 0 0.480443 -0.185671 0.857147 0 18.7925 -7.90396 3.7332 1  ]
    ObjectInstance "Hoja_B01-b2"
AttributeEnd

AttributeBegin
    Transform [ 0.988627 -0.0191848 0.149156 0 0.0909478 -0.713623 -0.694601 0 -0.119767 -0.700267 0.703762 0 18.8079 -7.89173 3.7536 1  ]
    ObjectInstance "Hoja_B01-b2"
AttributeEnd

AttributeBegin
    Transform [ 0.499417 -0.866359 -0.00206755 0 -0.795622 -0.457693 -0.396866 0 -0.342882 -0.199847 0.917874 0 18.7304 -7.78157 3.81965 1  ]
    ObjectInstance "Hoja_B01-b2"
AttributeEnd

AttributeBegin
    Transform [ -0.0129075 0.999768 -0.017223 0 0.800215 -1.257e-7 -0.599714 0 0.599575 0.0215229 0.800029 0 18.629 -7.86886 3.9399 1  ]
    ObjectInstance "Hoja_B01-b2"
AttributeEnd

AttributeBegin
    Transform [ 0.0454637 0.996662 0.0678103 0 0.830598 -3.986e-7 -0.556872 0 0.555013 -0.0816405 0.827825 0 18.672 -7.88141 3.92911 1  ]
    ObjectInstance "Hoja_B01-b2"
AttributeEnd

AttributeBegin
    Transform [ 0.667838 -0.720681 0.186039 0 -0.558421 -0.6504 -0.514923 0 -0.492096 -0.239997 0.836806 0 18.996 -7.58044 3.30977 1  ]
    ObjectInstance "Hoja_B01-b2"
AttributeEnd

AttributeBegin
    Transform [ 0.98889 -0.0528545 0.138934 0 0.098207 -0.469318 -0.877551 0 -0.111587 -0.881446 0.458913 0 19.0489 -7.63938 3.29867 1  ]
    ObjectInstance "Hoja_B01-b2"
AttributeEnd

AttributeBegin
    Transform [ 0.686104 -0.727453 0.00861004 0 -0.640892 -0.609979 -0.46603 0 -0.344267 -0.314227 0.884727 0 18.9209 -7.52182 3.35305 1  ]
    ObjectInstance "Hoja_B01-b2"
AttributeEnd

AttributeBegin
    Transform [ -0.118754 -0.968849 0.217325 0 -0.694066 -0.0755209 -0.715939 0 -0.710049 0.235859 0.663476 0 18.8878 -7.51435 3.23654 1  ]
    ObjectInstance "Hoja_B01-b2"
AttributeEnd

AttributeBegin
    Transform [ 0.528184 -0.817592 0.22927 0 -0.502418 -0.518582 -0.691845 0 -0.684542 -0.250232 0.68468 0 18.9416 -7.49063 3.27614 1  ]
    ObjectInstance "Hoja_B01-b2"
AttributeEnd

AttributeBegin
    Transform [ 0.671126 -0.737581 0.0745893 0 -0.475321 -0.505329 -0.720217 0 -0.56891 -0.447903 0.689728 0 18.9858 -7.46957 3.33192 1  ]
    ObjectInstance "Hoja_B01-b2"
AttributeEnd

AttributeBegin
    Transform [ 0.740249 -0.669718 0.0592374 0 -0.64975 -0.735246 -0.192971 0 -0.17279 -0.104357 0.979415 0 18.9007 -7.4339 3.34512 1  ]
    ObjectInstance "Hoja_B01-b2"
AttributeEnd

AttributeBegin
    Transform [ -0.143424 0.977548 0.154368 0 0.758341 0.208777 -0.61752 0 0.635884 -0.0284962 0.771258 0 18.9258 -7.56042 3.3534 1  ]
    ObjectInstance "Hoja_B01-b2"
AttributeEnd

AttributeBegin
    Transform [ -0.809011 -0.570741 0.140557 0 -0.406705 0.370885 -0.834886 0 -0.424373 0.732598 0.532173 0 18.8039 -7.32049 3.33739 1  ]
    ObjectInstance "Hoja_B01-b2"
AttributeEnd

AttributeBegin
    Transform [ 0.0835229 -0.957287 0.276812 0 -0.796234 -0.23114 -0.559094 0 -0.599196 0.17371 0.78153 0 18.8677 -7.26417 3.36303 1  ]
    ObjectInstance "Hoja_B01-b2"
AttributeEnd

AttributeBegin
    Transform [ 0.965682 0.141428 0.217847 0 0.25625 -0.655608 -0.710291 0 -0.0423676 -0.741738 0.66935 0 19.1375 -7.84618 3.54698 1  ]
    ObjectInstance "Hoja_B01-b2"
AttributeEnd

AttributeBegin
    Transform [ -0.391357 0.905304 0.165122 0 0.747513 0.417393 -0.516728 0 0.536717 0.0787942 0.840075 0 19.0097 -7.88726 3.57471 1  ]
    ObjectInstance "Hoja_B01-b2"
AttributeEnd

AttributeBegin
    Transform [ -0.108365 -0.961951 -0.250814 0 -0.867513 0.214714 -0.448685 0 -0.485466 -0.168963 0.857773 0 18.9656 -7.72769 3.5847 1  ]
    ObjectInstance "Hoja_B01-b2"
AttributeEnd

AttributeBegin
    Transform [ 0.844767 -0.502255 -0.184686 0 -0.521463 -0.695097 -0.494891 0 -0.120187 -0.514374 0.849102 0 19.1464 -7.70779 3.55103 1  ]
    ObjectInstance "Hoja_B01-b2"
AttributeEnd

AttributeBegin
    Transform [ -0.957373 -0.266589 0.111207 0 -0.278288 0.748073 -0.602447 0 -0.0774148 0.607714 0.790373 0 18.9999 -7.76983 3.62033 1  ]
    ObjectInstance "Hoja_B01-b2"
AttributeEnd

AttributeBegin
    Transform [ 0.585137 -0.810817 -0.0138398 0 -0.75441 -0.538012 -0.376043 0 -0.297456 -0.230477 0.926499 0 19.1084 -7.67395 3.61551 1  ]
    ObjectInstance "Hoja_B01-b2"
AttributeEnd

AttributeBegin
    Transform [ 0.990397 0.0366026 0.133317 0 0.0690869 -0.96631 -0.247936 0 -0.11975 -0.254765 0.959559 0 19.1719 -7.75524 3.70437 1  ]
    ObjectInstance "Hoja_B01-b2"
AttributeEnd

AttributeBegin
    Transform [ 0.89711 -0.375301 0.233115 0 -0.121687 -0.717128 -0.686236 0 -0.424719 -0.587262 0.689012 0 19.2269 -7.69839 3.70698 1  ]
    ObjectInstance "Hoja_B01-b2"
AttributeEnd

AttributeBegin
    Transform [ -0.352906 -0.89671 0.267147 0 -0.904429 0.253777 -0.342935 0 -0.239718 0.362639 0.900571 0 19.0721 -7.67235 3.80296 1  ]
    ObjectInstance "Hoja_B01-b2"
AttributeEnd

AttributeBegin
    Transform [ 0.497236 -0.82936 0.254792 0 -0.569267 -0.533482 -0.625565 0 -0.654745 -0.166009 0.737394 0 19.2326 -7.65449 3.77364 1  ]
    ObjectInstance "Hoja_B01-b2"
AttributeEnd

AttributeBegin
    Transform [ 0.179361 0.983758 -0.00700992 0 0.882512 -0.164042 -0.440753 0 0.434744 -0.0728676 0.897601 0 19.2738 -7.70653 3.94297 1  ]
    ObjectInstance "Hoja_B01-b2"
AttributeEnd

AttributeBegin
    Transform [ -0.843953 0.517443 -0.141404 0 0.498164 0.658285 -0.564353 0 0.198937 0.54673 0.813333 0 19.2241 -7.7183 3.93733 1  ]
    ObjectInstance "Hoja_B01-b2"
AttributeEnd

AttributeBegin
    Transform [ -0.150215 -0.957336 -0.246868 0 -0.947666 0.210579 -0.23997 0 -0.281717 -0.197901 0.938867 0 18.7565 -7.57969 3.6351 1  ]
    ObjectInstance "Hoja_B01-b2"
AttributeEnd

AttributeBegin
    Transform [ -0.450481 0.880571 0.147177 0 0.866912 0.470841 -0.163623 0 0.213378 -0.0538801 0.975483 0 18.7958 -7.74068 3.6535 1  ]
    ObjectInstance "Hoja_B01-b2"
AttributeEnd

AttributeBegin
    Transform [ -0.812626 -0.52586 -0.251217 0 -0.416276 0.825432 -0.381282 0 -0.407864 0.205265 0.889671 0 18.7478 -7.60083 3.68323 1  ]
    ObjectInstance "Hoja_B01-b2"
AttributeEnd

AttributeBegin
    Transform [ 0.890079 -0.437201 -0.128894 0 -0.443784 -0.766713 -0.463904 0 -0.103995 -0.470112 0.876458 0 18.8886 -7.53585 3.70844 1  ]
    ObjectInstance "Hoja_B01-b2"
AttributeEnd

AttributeBegin
    Transform [ 0.272151 -0.95049 -0.150006 0 -0.598894 -0.0452956 -0.799546 0 -0.753166 -0.307435 0.58157 0 18.7391 -7.50914 3.68085 1  ]
    ObjectInstance "Hoja_B01-b2"
AttributeEnd

AttributeBegin
    Transform [ -0.93565 0.17526 0.30634 0 0.0307251 0.905142 -0.423997 0 0.351591 0.3873 0.852281 0 18.6807 -7.62838 3.70704 1  ]
    ObjectInstance "Hoja_B01-b2"
AttributeEnd

AttributeBegin
    Transform [ 0.659795 0.741619 0.121127 0 0.643643 -0.474563 -0.600428 0 0.387807 -0.474122 0.790452 0 18.883 -7.59484 3.73063 1  ]
    ObjectInstance "Hoja_B01-b2"
AttributeEnd

AttributeBegin
    Transform [ -0.255857 -0.957147 -0.135672 0 -0.672029 0.276989 -0.686771 0 -0.69492 0.0845397 0.7141 0 18.7455 -7.48549 3.73606 1  ]
    ObjectInstance "Hoja_B01-b2"
AttributeEnd

AttributeBegin
    Transform [ -0.758514 -0.651645 -0.00394581 0 -0.640495 0.746624 -0.179778 0 -0.120097 0.133837 0.983699 0 18.6989 -7.5468 3.78434 1  ]
    ObjectInstance "Hoja_B01-b2"
AttributeEnd

AttributeBegin
    Transform [ -0.907952 -0.399198 -0.127529 0 -0.287034 0.814111 -0.504812 0 -0.305343 0.42174 0.853757 0 18.6667 -7.51 3.75459 1  ]
    ObjectInstance "Hoja_B01-b2"
AttributeEnd

AttributeBegin
    Transform [ 0.996756 0.0789387 0.0156615 0 0.0763748 -0.866517 -0.49327 0 0.0253672 -0.492866 0.869735 0 18.8711 -7.44712 3.8235 1  ]
    ObjectInstance "Hoja_B01-b2"
AttributeEnd

AttributeBegin
    Transform [ -0.0374526 0.973023 -0.227646 0 0.986735 -1.714e-7 -0.16234 0 0.15796 0.230706 0.960116 0 18.7062 -7.49995 3.84806 1  ]
    ObjectInstance "Hoja_B01-b2"
AttributeEnd

AttributeBegin
    Transform [ -0.919315 -0.350911 0.178108 0 -0.387937 0.732136 -0.559895 0 -0.0660733 0.583814 0.809194 0 18.6353 -7.45288 3.80865 1  ]
    ObjectInstance "Hoja_B01-b2"
AttributeEnd

AttributeBegin
    Transform [ 0.00909319 0.952398 0.304723 0 0.999555 0 -0.0298279 0 0.028408 -0.304859 0.951974 0 19.2143 -7.77065 3.62383 1  ]
    ObjectInstance "Hoja_B01-b2"
AttributeEnd

AttributeBegin
    Transform [ 0.790876 0.597001 0.134557 0 0.473593 -0.457807 -0.752411 0 0.387589 -0.658789 0.644804 0 19.2297 -7.76154 3.60108 1  ]
    ObjectInstance "Hoja_B01-b2"
AttributeEnd

AttributeBegin
    Transform [ -0.209908 0.937299 0.278226 0 0.933211 0.276952 -0.228944 0 0.291644 -0.211586 0.932831 0 19.1672 -7.73689 3.66735 1  ]
    ObjectInstance "Hoja_B01-b2"
AttributeEnd

AttributeBegin
    Transform [ 0.791526 -0.599153 -0.120424 0 -0.446139 -0.431828 -0.783891 0 -0.417668 -0.674196 0.609109 0 19.254 -7.569 3.58993 1  ]
    ObjectInstance "Hoja_B01-b2"
AttributeEnd

AttributeBegin
    Transform [ 0.910254 0.412165 -0.0394718 0 0.174752 -0.468852 -0.865817 0 0.375366 -0.781216 0.498801 0 19.316 -7.64337 3.58347 1  ]
    ObjectInstance "Hoja_B01-b2"
AttributeEnd

AttributeBegin
    Transform [ 0.0272757 0.99566 0.0889817 0 0.95609 0 -0.293072 0 0.2918 -0.0930683 0.951941 0 19.1592 -7.62721 3.69106 1  ]
    ObjectInstance "Hoja_B01-b2"
AttributeEnd

AttributeBegin
    Transform [ 0.477951 -0.87632 -0.0602134 0 -0.806429 -0.410592 -0.425543 0 -0.348189 -0.251946 0.902933 0 19.2193 -7.52758 3.62227 1  ]
    ObjectInstance "Hoja_B01-b2"
AttributeEnd

AttributeBegin
    Transform [ -0.0275727 0.974202 -0.223989 0 0.669467 -0.148404 -0.727867 0 0.74233 0.170022 0.648104 0 19.3402 -7.73606 3.65254 1  ]
    ObjectInstance "Hoja_B01-b2"
AttributeEnd

AttributeBegin
    Transform [ 0.953204 -0.294772 -0.0671705 0 -0.299959 -0.894334 -0.331951 0 -0.0377768 -0.336565 0.940902 0 19.3216 -7.58207 3.67414 1  ]
    ObjectInstance "Hoja_B01-b2"
AttributeEnd

AttributeBegin
    Transform [ -0.0981856 0.983726 -0.150478 0 0.841069 0.00120289 -0.540927 0 0.531943 0.179673 0.827499 0 19.2931 -7.7221 3.69991 1  ]
    ObjectInstance "Hoja_B01-b2"
AttributeEnd

AttributeBegin
    Transform [ 0.532338 -0.77727 0.335362 0 -0.769071 -0.60961 -0.192108 0 -0.35376 0.15565 0.922294 0 19.3294 -7.50833 3.67778 1  ]
    ObjectInstance "Hoja_B01-b2"
AttributeEnd

AttributeBegin
    Transform [ -0.375179 0.876344 0.302097 0 0.827678 0.463447 -0.316492 0 0.417361 -0.131298 0.899205 0 19.292 -7.74179 3.68508 1  ]
    ObjectInstance "Hoja_B01-b2"
AttributeEnd

AttributeBegin
    Transform [ 0.782447 -0.621219 0.0431687 0 -0.503237 -0.671629 -0.543752 0 -0.366783 -0.403733 0.838134 0 19.3502 -7.57873 3.69681 1  ]
    ObjectInstance "Hoja_B01-b2"
AttributeEnd

AttributeBegin
    Transform [ -0.85069 -0.494906 0.177188 0 -0.472902 0.57332 -0.66908 0 -0.229546 0.652972 0.721759 0 19.2005 -7.57943 3.70382 1  ]
    ObjectInstance "Hoja_B01-b2"
AttributeEnd

AttributeBegin
    Transform [ 0.965289 0.259004 0.0336622 0 0.136683 -0.391121 -0.910133 0 0.222562 -0.883143 0.412946 0 19.4232 -7.60162 3.64228 1  ]
    ObjectInstance "Hoja_B01-b2"
AttributeEnd

AttributeBegin
    Transform [ 0.904951 0.378427 -0.194571 0 0.162465 -0.729896 -0.663971 0 0.393281 -0.56925 0.722001 0 19.442 -7.58694 3.69066 1  ]
    ObjectInstance "Hoja_B01-b2"
AttributeEnd

AttributeBegin
    Transform [ -0.0908691 0.995338 0.0323279 0 0.793424 0.0919776 -0.60168 0 0.601849 0.0290244 0.798083 0 19.3785 -7.70609 3.73656 1  ]
    ObjectInstance "Hoja_B01-b2"
AttributeEnd

AttributeBegin
    Transform [ 0.770665 -0.549574 -0.322558 0 -0.612414 -0.77866 -0.136518 0 0.176136 -0.302748 0.936654 0 19.3997 -7.54556 3.76141 1  ]
    ObjectInstance "Hoja_B01-b2"
AttributeEnd

AttributeBegin
    Transform [ 0.944373 -0.160137 0.287256 0 -0.0142851 -0.892595 -0.450633 0 -0.328566 -0.421463 0.84523 0 19.4663 -7.51453 3.74686 1  ]
    ObjectInstance "Hoja_B01-b2"
AttributeEnd

AttributeBegin
    Transform [ 0.096765 0.965242 0.242784 0 0.928936 -2.459e-7 -0.37024 0 0.357371 -0.261357 0.896648 0 19.3161 -7.5942 3.78443 1  ]
    ObjectInstance "Hoja_B01-b2"
AttributeEnd

AttributeBegin
    Transform [ -0.433124 0.87191 -0.228422 0 0.855025 0.31727 -0.410209 0 0.285194 0.372978 0.882922 0 19.438 -7.69733 3.75076 1  ]
    ObjectInstance "Hoja_B01-b2"
AttributeEnd

AttributeBegin
    Transform [ 0.897779 0.425242 0.114728 0 0.42602 -0.772278 -0.471268 0 0.111801 -0.471971 0.874497 0 19.5092 -7.5836 3.80531 1  ]
    ObjectInstance "Hoja_B01-b2"
AttributeEnd

AttributeBegin
    Transform [ 0.130044 0.975128 0.179484 0 0.894983 -0.0375371 -0.444517 0 0.426724 -0.218442 0.877605 0 19.5973 -7.66955 3.76876 1  ]
    ObjectInstance "Hoja_B01-b2"
AttributeEnd

AttributeBegin
    Transform [ 0.560068 0.782478 0.272124 0 0.816954 -0.467131 -0.338191 0 0.13751 -0.411723 0.900874 0 19.6194 -7.61941 3.78426 1  ]
    ObjectInstance "Hoja_B01-b2"
AttributeEnd

AttributeBegin
    Transform [ -0.903915 -0.396859 0.159499 0 -0.402614 0.663634 -0.630469 0 -0.144358 0.634108 0.75965 0 18.905 -7.62911 3.944 1  ]
    ObjectInstance "Hoja_B01-b2"
AttributeEnd

AttributeBegin
    Transform [ -0.635388 0.766198 -0.0960393 0 0.756204 0.592222 -0.278259 0 0.156325 0.249428 0.955692 0 18.9991 -7.74761 3.96446 1  ]
    ObjectInstance "Hoja_B01-b2"
AttributeEnd

AttributeBegin
    Transform [ -0.79848 -0.596049 -0.0845903 0 -0.495641 0.730618 -0.469614 0 -0.341716 0.333051 0.87881 0 18.9027 -7.65717 3.96687 1  ]
    ObjectInstance "Hoja_B01-b2"
AttributeEnd

AttributeBegin
    Transform [ 0.0137048 0.982527 0.185616 0 0.997285 0 -0.0736341 0 0.0723475 -0.186122 0.97986 0 18.9997 -7.72768 4.04148 1  ]
    ObjectInstance "Hoja_B01-b2"
AttributeEnd

AttributeBegin
    Transform [ 0.355513 -0.924894 0.134841 0 -0.510147 -0.312892 -0.801154 0 -0.783174 -0.216032 0.583069 0 19.039 -7.55244 4.02694 1  ]
    ObjectInstance "Hoja_B01-b2"
AttributeEnd

AttributeBegin
    Transform [ -0.922702 0.308277 -0.231487 0 0.3807 0.634034 -0.673103 0 0.0607316 0.709201 0.702386 0 18.9718 -7.77488 4.06878 1  ]
    ObjectInstance "Hoja_B01-b2"
AttributeEnd

AttributeBegin
    Transform [ -0.740282 0.656808 -0.143477 0 0.579365 0.514991 -0.631761 0 0.341056 0.550806 0.76177 0 18.9075 -7.62017 4.15903 1  ]
    ObjectInstance "Hoja_B01-b2"
AttributeEnd

AttributeBegin
    Transform [ -0.949131 -0.267217 0.166573 0 -0.314784 0.791965 -0.523166 0 -0.00787847 0.548987 0.835794 0 18.9161 -7.65059 4.17477 1  ]
    ObjectInstance "Hoja_B01-b2"
AttributeEnd

AttributeBegin
    Transform [ 0.838319 -0.542932 0.0494669 0 -0.500212 -0.802083 -0.326268 0 -0.216818 -0.248772 0.943982 0 19.0553 -7.57564 4.19261 1  ]
    ObjectInstance "Hoja_B01-b2"
AttributeEnd

AttributeBegin
    Transform [ -0.98577 -0.157064 -0.0598959 0 -0.077421 0.740496 -0.667587 0 -0.149206 0.65345 0.742119 0 18.8772 -7.63457 4.19555 1  ]
    ObjectInstance "Hoja_B01-b2"
AttributeEnd

AttributeBegin
    Transform [ 0.456204 -0.888566 -0.0482505 0 -0.678774 -0.312405 -0.664582 0 -0.575451 -0.335936 0.745656 0 18.9618 -7.51826 4.22025 1  ]
    ObjectInstance "Hoja_B01-b2"
AttributeEnd

AttributeBegin
    Transform [ 0.84875 -0.47214 -0.238133 0 -0.5276 -0.725851 -0.441337 0 -0.0355233 -0.500223 0.865167 0 19.0209 -7.44888 4.27848 1  ]
    ObjectInstance "Hoja_B01-b2"
AttributeEnd

AttributeBegin
    Transform [ 0.80064 -0.54664 0.245277 0 -0.312426 -0.730222 -0.60759 0 -0.51124 -0.40983 0.755429 0 19.041 -7.49322 4.30859 1  ]
    ObjectInstance "Hoja_B01-b2"
AttributeEnd

AttributeBegin
    Transform [ 0.603492 -0.78627 -0.132579 0 -0.72344 -0.469997 -0.505705 0 -0.335309 -0.401102 0.852458 0 19.0291 -7.28504 3.73018 1  ]
    ObjectInstance "Hoja_B01-b2"
AttributeEnd

AttributeBegin
    Transform [ 0.988479 -0.0490796 0.143182 0 0.100124 -0.497403 -0.861722 0 -0.113512 -0.86613 0.486758 0 19.1631 -7.34785 3.77426 1  ]
    ObjectInstance "Hoja_B01-b2"
AttributeEnd

AttributeBegin
    Transform [ -0.937506 0.341781 0.0653274 0 0.329067 0.931851 -0.152869 0 0.113123 0.121819 0.986085 0 18.9417 -7.37013 3.82798 1  ]
    ObjectInstance "Hoja_B01-b2"
AttributeEnd

AttributeBegin
    Transform [ 0.256412 -0.957988 0.128503 0 -0.726816 -0.27874 -0.627728 0 -0.637174 -0.0675592 0.767753 0 19.0551 -7.20142 3.7312 1  ]
    ObjectInstance "Hoja_B01-b2"
AttributeEnd

AttributeBegin
    Transform [ -0.131997 -0.979624 0.151369 0 -0.874646 0.0432467 -0.482829 0 -0.466445 0.196126 0.862533 0 19.0238 -7.15263 3.84364 1  ]
    ObjectInstance "Hoja_B01-b2"
AttributeEnd

AttributeBegin
    Transform [ 0.312903 -0.911447 -0.267127 0 -0.825934 -0.122249 -0.550353 0 -0.468961 -0.392837 0.791047 0 18.9862 -7.13439 3.75573 1  ]
    ObjectInstance "Hoja_B01-b2"
AttributeEnd

AttributeBegin
    Transform [ 0.0536072 0.943495 0.327022 0 0.986829 0 -0.161766 0 0.152626 -0.331386 0.931068 0 18.9229 -7.17241 3.80227 1  ]
    ObjectInstance "Hoja_B01-b2"
AttributeEnd

AttributeBegin
    Transform [ 0.924773 0.352591 0.143088 0 0.308663 -0.475174 -0.823976 0 0.222534 -0.806157 0.54826 0 19.1639 -7.20824 3.78161 1  ]
    ObjectInstance "Hoja_B01-b2"
AttributeEnd

AttributeBegin
    Transform [ 0.68942 -0.704995 -0.166381 0 -0.685307 -0.560406 -0.465079 0 -0.234637 -0.434657 0.869493 0 19.0317 -7.08022 3.85111 1  ]
    ObjectInstance "Hoja_B01-b2"
AttributeEnd

AttributeBegin
    Transform [ 0.973342 0.0568148 -0.222209 0 -0.0656016 -0.859395 -0.507087 0 0.219775 -0.508147 0.832758 0 19.1336 -6.99694 3.80267 1  ]
    ObjectInstance "Hoja_B01-b2"
AttributeEnd

AttributeBegin
    Transform [ 0.901434 -0.428795 0.0595986 0 -0.312514 -0.7398 -0.595844 0 -0.299586 -0.518488 0.800886 0 19.089 -6.97947 3.82314 1  ]
    ObjectInstance "Hoja_B01-b2"
AttributeEnd

AttributeBegin
    Transform [ 0.970987 0.162307 -0.175614 0 0.0204342 -0.788013 -0.61532 0 0.238256 -0.59388 0.768467 0 19.3022 -7.54248 3.86784 1  ]
    ObjectInstance "Hoja_B01-b2"
AttributeEnd

AttributeBegin
    Transform [ 0.106731 0.938597 -0.328093 0 0.972173 -0.16772 -0.163555 0 0.20854 0.301506 0.930379 0 19.2534 -7.60291 3.98058 1  ]
    ObjectInstance "Hoja_B01-b2"
AttributeEnd

AttributeBegin
    Transform [ 0.434762 0.886906 -0.156136 0 0.808888 -0.460806 -0.365183 0 0.395831 -0.0324714 0.917749 0 19.3442 -7.56409 3.93346 1  ]
    ObjectInstance "Hoja_B01-b2"
AttributeEnd

AttributeBegin
    Transform [ 0.0231121 -0.983268 0.180692 0 -0.874493 -0.107473 -0.472982 0 -0.484488 0.147082 0.862345 0 19.2539 -7.42118 3.94038 1  ]
    ObjectInstance "Hoja_B01-b2"
AttributeEnd

AttributeBegin
    Transform [ 0.774736 0.614607 0.14847 0 0.488162 -0.432181 -0.758233 0 0.40185 -0.659907 0.634854 0 19.3531 -7.61851 3.9697 1  ]
    ObjectInstance "Hoja_B01-b2"
AttributeEnd

AttributeBegin
    Transform [ -0.599633 0.777545 -0.189379 0 0.591921 0.27166 -0.758835 0 0.538582 0.56712 0.623141 0 19.2732 -7.67528 3.9719 1  ]
    ObjectInstance "Hoja_B01-b2"
AttributeEnd

AttributeBegin
    Transform [ 0.996436 0.0601094 0.0591812 0 0.0842706 -0.740491 -0.666762 0 -0.00374453 -0.669372 0.742917 0 19.4166 -7.52901 3.96871 1  ]
    ObjectInstance "Hoja_B01-b2"
AttributeEnd

AttributeBegin
    Transform [ 0.104721 0.96438 -0.242909 0 0.960839 -0.161124 -0.225452 0 0.25656 0.209787 0.943487 0 19.3898 -7.63122 3.9927 1  ]
    ObjectInstance "Hoja_B01-b2"
AttributeEnd

AttributeBegin
    Transform [ 0.647051 0.718805 0.254252 0 0.76055 -0.584992 -0.281687 0 0.0537427 -0.375638 0.925207 0 19.3797 -7.59505 4.03833 1  ]
    ObjectInstance "Hoja_B01-b2"
AttributeEnd

AttributeBegin
    Transform [ 0.156538 0.935645 0.316329 0 0.958161 -0.0661543 -0.27848 0 0.239632 -0.346687 0.906854 0 19.4272 -7.65584 4.05795 1  ]
    ObjectInstance "Hoja_B01-b2"
AttributeEnd

AttributeBegin
    Transform [ -0.191027 0.942908 0.272824 0 0.827733 0.304133 -0.471552 0 0.527605 -0.135746 0.838573 0 19.0744 -7.55971 4.06642 1  ]
    ObjectInstance "Hoja_B01-b2"
AttributeEnd

AttributeBegin
    Transform [ -0.619769 0.714287 0.325085 0 0.694788 0.692016 -0.195918 0 0.364905 -0.104441 0.925168 0 18.9797 -7.53787 4.08088 1  ]
    ObjectInstance "Hoja_B01-b2"
AttributeEnd

AttributeBegin
    Transform [ -0.775342 -0.613175 -0.151196 0 -0.416573 0.676493 -0.607309 0 -0.47467 0.407888 0.779946 0 18.9187 -7.44209 4.0734 1  ]
    ObjectInstance "Hoja_B01-b2"
AttributeEnd

AttributeBegin
    Transform [ 0.787036 0.560769 -0.257123 0 0.455431 -0.809295 -0.370977 0 0.41612 -0.174871 0.892336 0 19.1421 -7.43741 4.12608 1  ]
    ObjectInstance "Hoja_B01-b2"
AttributeEnd

AttributeBegin
    Transform [ -0.19816 0.930711 0.307426 0 0.898527 0.297809 -0.322427 0 0.391641 -0.212338 0.895282 0 19.0404 -7.56121 4.11966 1  ]
    ObjectInstance "Hoja_B01-b2"
AttributeEnd

AttributeBegin
    Transform [ -0.60692 -0.766163 -0.211288 0 -0.705469 0.641775 -0.300729 0 -0.366007 0.0334608 0.93001 0 18.9511 -7.4376 4.13614 1  ]
    ObjectInstance "Hoja_B01-b2"
AttributeEnd

AttributeBegin
    Transform [ -0.871926 -0.479511 -0.099069 0 -0.447772 0.862742 -0.234894 0 -0.198105 0.16045 0.966959 0 18.9075 -7.41587 4.14896 1  ]
    ObjectInstance "Hoja_B01-b2"
AttributeEnd

AttributeBegin
    Transform [ 0.341583 -0.909155 0.238238 0 -0.852468 -0.406442 -0.32879 0 -0.395752 0.0907814 0.913859 0 18.9961 -7.32948 4.15648 1  ]
    ObjectInstance "Hoja_B01-b2"
AttributeEnd

AttributeBegin
    Transform [ -0.834632 0.470347 0.286639 0 0.324537 0.840406 -0.434043 0 0.445044 0.269241 0.854075 0 18.9607 -7.51017 4.20094 1  ]
    ObjectInstance "Hoja_B01-b2"
AttributeEnd

AttributeBegin
    Transform [ 0.685222 -0.728282 0.00870882 0 -0.476402 -0.457214 -0.750997 0 -0.55092 -0.510451 0.660248 0 19.0022 -7.31844 4.25256 1  ]
    ObjectInstance "Hoja_B01-b2"
AttributeEnd

AttributeBegin
    Transform [ -0.877046 -0.43651 -0.200622 0 -0.317293 0.839896 -0.440342 0 -0.360715 0.322544 0.875129 0 18.8265 -7.42047 4.2979 1  ]
    ObjectInstance "Hoja_B01-b2"
AttributeEnd

AttributeBegin
    Transform [ 0.469922 -0.874982 -0.116533 0 -0.700179 -0.289097 -0.652819 0 -0.537515 -0.388369 0.748497 0 18.9097 -7.32482 4.31103 1  ]
    ObjectInstance "Hoja_B01-b2"
AttributeEnd

AttributeBegin
    Transform [ 0.429193 0.903209 0.00257115 0 0.869517 -0.412409 -0.27177 0 0.244404 -0.118877 0.962359 0 19.0588 -7.49145 4.34617 1  ]
    ObjectInstance "Hoja_B01-b2"
AttributeEnd

AttributeBegin
    Transform [ -0.957676 -0.233366 0.168516 0 -0.282133 0.644897 -0.710288 0 -0.0570811 0.727769 0.683442 0 18.8476 -7.457 4.34774 1  ]
    ObjectInstance "Hoja_B01-b2"
AttributeEnd

AttributeBegin
    Transform [ -0.0122719 0.997022 -0.0761391 0 0.987259 0 -0.159124 0 0.15865 0.0771218 0.984318 0 18.9852 -7.53037 4.37685 1  ]
    ObjectInstance "Hoja_B01-b2"
AttributeEnd

AttributeBegin
    Transform [ 0.516541 -0.85088 -0.0958561 0 -0.855481 -0.508044 -0.100221 0 -0.0365771 -0.133771 0.990337 0 18.9988 -7.34544 4.50532 1  ]
    ObjectInstance "Hoja_B01-b2"
AttributeEnd

AttributeBegin
    Transform [ 0.203704 -0.973741 0.101657 0 -0.937693 -0.223902 -0.265705 0 -0.281489 0.0411982 0.95868 0 18.9429 -7.35102 4.50431 1  ]
    ObjectInstance "Hoja_B01-b2"
AttributeEnd

AttributeBegin
    Transform [ 0.973655 0.199271 -0.110845 0 0.110337 -0.837134 -0.535754 0 0.199552 -0.509409 0.837067 0 19.2904 -7.12552 4.05121 1  ]
    ObjectInstance "Hoja_B01-b2"
AttributeEnd

AttributeBegin
    Transform [ 0.527778 -0.849309 0.0111428 0 -0.63403 -0.402661 -0.660205 0 -0.565205 -0.341377 0.751003 0 19.2019 -7.05549 4.12014 1  ]
    ObjectInstance "Hoja_B01-b2"
AttributeEnd

AttributeBegin
    Transform [ 0.983926 -0.0328494 0.175528 0 0.0794695 -0.799693 -0.595127 0 -0.159918 -0.59951 0.784228 0 19.2739 -7.1086 4.16078 1  ]
    ObjectInstance "Hoja_B01-b2"
AttributeEnd

AttributeBegin
    Transform [ 0.554766 -0.830196 -0.0548588 0 -0.650519 -0.391703 -0.650687 0 -0.518709 -0.396666 0.757362 0 19.1657 -7.03599 4.05293 1  ]
    ObjectInstance "Hoja_B01-b2"
AttributeEnd

AttributeBegin
    Transform [ -0.646955 0.746483 0.155601 0 0.745049 0.662266 -0.0794154 0 0.162332 -0.0645523 0.984622 0 19.0864 -7.05317 4.09875 1  ]
    ObjectInstance "Hoja_B01-b2"
AttributeEnd

AttributeBegin
    Transform [ 0.35657 0.920532 -0.15962 0 0.901471 -0.383865 -0.199993 0 0.245372 0.0725811 0.966708 0 19.2937 -7.19142 4.10746 1  ]
    ObjectInstance "Hoja_B01-b2"
AttributeEnd

AttributeBegin
    Transform [ 0.141301 0.989095 0.0415266 0 0.798554 -0.0890871 -0.595294 0 0.585103 -0.117277 0.802434 0 19.2226 -7.1497 4.14811 1  ]
    ObjectInstance "Hoja_B01-b2"
AttributeEnd

AttributeBegin
    Transform [ 0.981006 -0.14587 0.127868 0 -0.0203072 -0.732787 -0.680155 0 -0.192914 -0.664639 0.721831 0 19.294 -7.02682 4.04138 1  ]
    ObjectInstance "Hoja_B01-b2"
AttributeEnd

AttributeBegin
    Transform [ 0.0565726 -0.998376 -0.00673432 0 -0.978151 -0.0540725 -0.200742 0 -0.200051 -0.0179436 0.979621 0 19.1899 -6.97135 4.07334 1  ]
    ObjectInstance "Hoja_B01-b2"
AttributeEnd

AttributeBegin
    Transform [ -0.0318377 0.973143 -0.22799 0 0.99039 -3.427e-7 -0.138305 0 0.13459 0.230202 0.963791 0 19.2274 -6.9753 4.13715 1  ]
    ObjectInstance "Hoja_B01-b2"
AttributeEnd

AttributeBegin
    Transform [ 0.848639 0.528873 -0.0102404 0 0.487204 -0.789022 -0.374269 0 0.206021 -0.31263 0.927264 0 19.3708 -7.01279 4.05455 1  ]
    ObjectInstance "Hoja_B01-b2"
AttributeEnd

AttributeBegin
    Transform [ 0.979807 0.154448 -0.12698 0 0.124563 -0.968285 -0.216585 0 0.156404 -0.196394 0.96797 0 19.3454 -6.92549 4.12031 1  ]
    ObjectInstance "Hoja_B01-b2"
AttributeEnd

AttributeBegin
    Transform [ 0.480905 -0.845736 -0.231218 0 -0.763139 -0.273919 -0.585309 0 -0.431682 -0.45793 0.777143 0 19.2309 -6.83509 4.01172 1  ]
    ObjectInstance "Hoja_B01-b2"
AttributeEnd

AttributeBegin
    Transform [ -0.257432 -0.953384 -0.157439 0 -0.952641 0.277698 -0.123935 0 -0.161878 -0.118078 0.979721 0 19.1744 -6.8398 4.05627 1  ]
    ObjectInstance "Hoja_B01-b2"
AttributeEnd

AttributeBegin
    Transform [ -0.785734 -0.580003 0.214985 0 -0.618462 0.730293 -0.290133 0 -0.0112754 0.360927 0.932526 0 19.0995 -7.27546 4.3539 1  ]
    ObjectInstance "Hoja_B01-b2"
AttributeEnd

AttributeBegin
    Transform [ 0.9924 -0.0826407 0.0911701 0 -0.03039 -0.882569 -0.4692 0 -0.119239 -0.462864 0.878373 0 19.3301 -7.31599 4.40582 1  ]
    ObjectInstance "Hoja_B01-b2"
AttributeEnd

AttributeBegin
    Transform [ -0.606589 0.794629 0.0247822 0 0.514458 0.416101 -0.749795 0 0.606121 0.442068 0.661206 0 19.2249 -7.47224 4.45865 1  ]
    ObjectInstance "Hoja_B01-b2"
AttributeEnd

AttributeBegin
    Transform [ 0.00760107 0.974086 0.226052 0 0.999435 -1.565e-7 -0.0336057 0 0.0327348 -0.226179 0.973535 0 19.3123 -7.45583 4.50139 1  ]
    ObjectInstance "Hoja_B01-b2"
AttributeEnd

AttributeBegin
    Transform [ 0.9194 -0.306906 0.245993 0 -0.19619 -0.8999 -0.389473 0 -0.3409 -0.30982 0.88758 0 19.2897 -7.29521 4.54416 1  ]
    ObjectInstance "Hoja_B01-b2"
AttributeEnd

AttributeBegin
    Transform [ -0.0218167 0.993288 -0.113595 0 0.982052 0 -0.188609 0 0.187343 0.115671 0.97546 0 19.2339 -7.16558 4.32057 1  ]
    ObjectInstance "Hoja_B01-b2"
AttributeEnd

AttributeBegin
    Transform [ -0.964259 -0.0578543 0.258568 0 -0.209126 0.765411 -0.608615 0 0.1627 0.640936 0.750153 0 19.0581 -7.16785 4.32355 1  ]
    ObjectInstance "Hoja_B01-b2"
AttributeEnd

AttributeBegin
    Transform [ -0.694437 -0.717395 0.0556962 0 -0.469805 0.393417 -0.790257 0 -0.545014 0.574949 0.61024 0 19.059 -7.06141 4.27507 1  ]
    ObjectInstance "Hoja_B01-b2"
AttributeEnd

AttributeBegin
    Transform [ 0.994084 -0.0245255 -0.105809 0 -0.060205 -0.935243 -0.34885 0 0.0904015 -0.353157 0.931186 0 19.2283 -6.96077 4.32472 1  ]
    ObjectInstance "Hoja_B01-b2"
AttributeEnd

AttributeBegin
    Transform [ -0.114204 -0.936962 -0.33024 0 -0.970047 0.176909 -0.166466 0 -0.214395 -0.301337 0.929102 0 19.1035 -6.92025 4.35239 1  ]
    ObjectInstance "Hoja_B01-b2"
AttributeEnd

AttributeBegin
    Transform [ -0.098854 -0.993196 -0.0615641 0 -0.856065 0.11642 -0.503587 0 -0.507328 -0.0029213 0.861748 0 19.0953 -6.90604 4.41938 1  ]
    ObjectInstance "Hoja_B01-b2"
AttributeEnd

AttributeBegin
    Transform [ 0.97093 0.138357 -0.195325 0 -0.0288467 -0.742437 -0.669295 0 0.237618 -0.655473 0.716863 0 19.2212 -6.94198 4.4395 1  ]
    ObjectInstance "Hoja_B01-b2"
AttributeEnd

AttributeBegin
    Transform [ -0.32671 -0.944158 0.0427421 0 -0.789997 0.247982 -0.560722 0 -0.518811 0.21696 0.8269 0 19.4144 -7.06979 4.5566 1  ]
    ObjectInstance "Hoja_B01-b2"
AttributeEnd

AttributeBegin
    Transform [ 0.786697 -0.609163 -0.100135 0 -0.460184 -0.470541 -0.752876 0 -0.411507 -0.638366 0.650501 0 19.5639 -6.97333 4.48604 1  ]
    ObjectInstance "Hoja_B01-b2"
AttributeEnd

AttributeBegin
    Transform [ -0.0288972 0.994534 -0.100333 0 0.443542 -0.0771948 -0.892923 0 0.895788 0.070305 0.438887 0 19.602 -7.21152 4.47 1  ]
    ObjectInstance "Hoja_B01-b2"
AttributeEnd

AttributeBegin
    Transform [ -0.358608 -0.921449 0.149439 0 -0.723225 0.173034 -0.668584 0 -0.590208 0.347838 0.728466 0 19.5244 -7.01824 4.56456 1  ]
    ObjectInstance "Hoja_B01-b2"
AttributeEnd

AttributeBegin
    Transform [ 0.968761 0.19687 0.150812 0 0.245881 -0.683228 -0.687563 0 0.0323212 -0.703166 0.710291 0 19.6676 -7.08347 4.56735 1  ]
    ObjectInstance "Hoja_B01-b2"
AttributeEnd

AttributeBegin
