#############################################

AttributeBegin
    ObjectBegin "Hoja_A16384"

    AttributeBegin
        Transform [ 1 0 0 0 0 1 0 0 0 0 1 0 0 0 0 1  ]
        NamedMaterial "Leave A_a"
        Shape "plymesh"
            "string filename" [ "geometry/hojas_a4_00001.ply" ]
            "texture alpha" [ "Leave A_a_Alpha" ]
    AttributeEnd
    ObjectEnd
AttributeEnd

AttributeBegin
    Transform [ 0.637046 -0.523851 -0.565467 0 -0.763748 -0.528139 -0.371157 0 0.104214 -0.668318 0.736539 0 10.5127 -10.1376 8.54783 1  ]
    ObjectInstance "Hoja_A16384"
AttributeEnd

AttributeBegin
    Transform [ 0.84863 0.528131 -0.0300805 0 0.467319 -0.775132 -0.425187 0 0.247871 -0.346769 0.904606 0 10.865 -8.92204 6.86735 1  ]
    ObjectInstance "Hoja_A16384"
AttributeEnd

AttributeBegin
    Transform [ -0.984176 -0.17714 -0.00439976 0 -0.158745 0.870396 0.466058 0 0.0787281 -0.459381 0.884743 0 10.4834 -8.29427 6.35081 1  ]
    ObjectInstance "Hoja_A16384"
AttributeEnd

AttributeBegin
    Transform [ -0.0915555 -0.664774 -0.741413 0 -0.889051 0.389948 -0.239852 0 -0.44856 -0.637194 0.62672 0 10.4279 -8.34516 6.33668 1  ]
    ObjectInstance "Hoja_A16384"
AttributeEnd

AttributeBegin
    Transform [ 0.965114 -0.0721611 -0.25169 0 -0.237991 -0.642524 -0.72837 0 0.109157 -0.76286 0.637283 0 10.5245 -8.4155 6.45076 1  ]
    ObjectInstance "Hoja_A16384"
AttributeEnd

AttributeBegin
    Transform [ -0.510618 0.849056 -0.135546 0 0.845831 0.524346 0.0981378 0 -0.154397 0.064538 0.985899 0 10.587 -8.31665 6.45988 1  ]
    ObjectInstance "Hoja_A16384"
AttributeEnd

AttributeBegin
    Transform [ -0.974531 0.0286124 -0.22242 0 -0.0278106 0.96875 0.246473 0 -0.222522 -0.246381 0.943281 0 10.4889 -8.21289 6.4211 1  ]
    ObjectInstance "Hoja_A16384"
AttributeEnd

AttributeBegin
    Transform [ -0.95599 -0.125568 0.265171 0 0.00126739 0.902014 0.431704 0 0.293396 -0.413041 0.862158 0 10.4381 -8.26713 6.47226 1  ]
    ObjectInstance "Hoja_A16384"
AttributeEnd

AttributeBegin
    Transform [ 0.356955 0.67956 0.640922 0 0.92768 -0.177453 -0.328511 0 0.109509 -0.711834 0.693757 0 10.5482 -8.28104 6.50454 1  ]
    ObjectInstance "Hoja_A16384"
AttributeEnd

AttributeBegin
    Transform [ -0.9737 0.206112 0.097084 0 0.187369 0.966855 -0.173448 0 0.129616 0.150696 0.980046 0 10.5038 -8.19014 6.50979 1  ]
    ObjectInstance "Hoja_A16384"
AttributeEnd

AttributeBegin
    Transform [ -0.884712 0.466126 -0.00329923 0 0.444104 0.845023 0.29784 0 -0.141619 -0.262038 0.95461 0 10.4652 -8.11956 6.55213 1  ]
    ObjectInstance "Hoja_A16384"
AttributeEnd

AttributeBegin
    Transform [ -0.742664 -0.502695 -0.442435 0 -0.623863 0.759502 0.18426 0 -0.243403 -0.412862 0.877668 0 10.3449 -8.1666 6.54716 1  ]
    ObjectInstance "Hoja_A16384"
AttributeEnd

AttributeBegin
    Transform [ -0.620248 -0.717242 -0.31758 0 -0.749303 0.66152 -0.0305958 0 -0.23203 -0.218986 0.947738 0 10.3724 -8.15578 6.59763 1  ]
    ObjectInstance "Hoja_A16384"
AttributeEnd

AttributeBegin
    Transform [ 0.933765 0.357428 0.0180916 0 0.311693 -0.787362 -0.531891 0 0.175868 -0.502301 0.84662 0 10.4471 -8.25537 6.60993 1  ]
    ObjectInstance "Hoja_A16384"
AttributeEnd

AttributeBegin
    Transform [ -0.506416 -0.766426 -0.395139 0 -0.861366 0.428436 0.272929 0 0.0398875 -0.478575 0.87714 0 10.3082 -8.13872 6.59939 1  ]
    ObjectInstance "Hoja_A16384"
AttributeEnd

AttributeBegin
    Transform [ 0.0201985 -0.738543 -0.673904 0 -0.999773 -0.0102996 -0.0186781 0 -0.00685364 -0.674128 0.738583 0 10.3018 -8.21371 6.67318 1  ]
    ObjectInstance "Hoja_A16384"
AttributeEnd

AttributeBegin
    Transform [ -0.968568 -0.248527 0.0104573 0 -0.185001 0.747821 0.637603 0 0.166282 -0.615628 0.770294 0 10.3954 -8.08678 6.69014 1  ]
    ObjectInstance "Hoja_A16384"
AttributeEnd

AttributeBegin
    Transform [ -0.0813252 0.996009 0.0367694 0 0.988711 0.0759614 0.129154 0 -0.125846 -0.0468578 0.990943 0 10.4872 -8.13805 6.70287 1  ]
    ObjectInstance "Hoja_A16384"
AttributeEnd

AttributeBegin
    Transform [ 0.984866 -0.145588 -0.094041 0 -0.157967 -0.530747 -0.832678 0 -0.0713159 -0.834932 0.545713 0 10.331 -8.22364 6.82173 1  ]
    ObjectInstance "Hoja_A16384"
AttributeEnd

AttributeBegin
    Transform [ -0.610045 -0.701058 -0.369273 0 -0.714454 0.688199 -0.126244 0 -0.342638 -0.186814 0.920706 0 10.2967 -8.07632 6.81813 1  ]
    ObjectInstance "Hoja_A16384"
AttributeEnd

AttributeBegin
    Transform [ 0.996784 -1.505e-7 0.0801319 0 0.0402978 -0.864348 -0.501277 0 -0.0692619 -0.502895 0.861568 0 10.5092 -8.78823 6.48111 1  ]
    ObjectInstance "Hoja_A16384"
AttributeEnd

AttributeBegin
    Transform [ -0.909177 -0.416019 -0.0180211 0 -0.397449 0.854056 0.335594 0 0.124223 -0.312277 0.941834 0 10.3464 -8.66733 6.51575 1  ]
    ObjectInstance "Hoja_A16384"
AttributeEnd

AttributeBegin
    Transform [ 0.734347 -0.414234 -0.537722 0 -0.676522 -0.511151 -0.530136 0 0.0552568 -0.753084 0.6556 0 10.3381 -8.77652 6.52789 1  ]
    ObjectInstance "Hoja_A16384"
AttributeEnd

AttributeBegin
    Transform [ 0.980654 0.193592 -0.0289733 0 0.0838271 -0.549085 -0.831553 0 0.17689 -0.813036 0.55469 0 10.3914 -8.85402 6.45174 1  ]
    ObjectInstance "Hoja_A16384"
AttributeEnd

AttributeBegin
    Transform [ 0.288699 -0.95742 0.000443961 0 -0.934905 -0.28201 -0.21546 0 -0.206411 -0.0617881 0.976513 0 10.3081 -8.81698 6.46331 1  ]
    ObjectInstance "Hoja_A16384"
AttributeEnd

AttributeBegin
    Transform [ 0.947676 -1.431e-7 0.319232 0 0.203451 -0.770604 -0.603968 0 -0.246002 -0.637314 0.730283 0 10.3396 -8.7447 6.60443 1  ]
    ObjectInstance "Hoja_A16384"
AttributeEnd

AttributeBegin
    Transform [ 0.948229 -0.242711 0.204825 0 -0.123732 -0.876311 -0.465586 0 -0.292493 -0.416138 0.860974 0 10.2503 -8.90267 6.5408 1  ]
    ObjectInstance "Hoja_A16384"
AttributeEnd

AttributeBegin
    Transform [ -0.269523 -0.961684 0.0502037 0 -0.962237 0.266877 -0.0536363 0 -0.0381831 0.062764 0.997298 0 10.1968 -8.82626 6.53435 1  ]
    ObjectInstance "Hoja_A16384"
AttributeEnd

AttributeBegin
    Transform [ 0.995548 -1.503e-7 0.0942554 0 0.0527102 -0.829013 -0.556739 0 -0.078139 -0.559229 0.825323 0 10.3281 -8.837 6.6013 1  ]
    ObjectInstance "Hoja_A16384"
AttributeEnd

AttributeBegin
    Transform [ 0.999846 -1.51e-7 -0.0175667 0 -0.0133176 -0.65213 -0.75799 0 0.0114557 -0.758107 0.652029 0 10.2418 -8.92284 6.59665 1  ]
    ObjectInstance "Hoja_A16384"
AttributeEnd

AttributeBegin
    Transform [ -0.722392 -0.546191 -0.424058 0 -0.690797 0.542715 0.477765 0 0.0308082 -0.638072 0.76936 0 10.1877 -8.8251 6.58807 1  ]
    ObjectInstance "Hoja_A16384"
AttributeEnd

AttributeBegin
    Transform [ 0.458256 -0.887897 0.0404953 0 -0.620864 -0.352373 -0.700258 0 -0.636027 -0.295755 0.71274 0 10.1796 -8.97529 6.55029 1  ]
    ObjectInstance "Hoja_A16384"
AttributeEnd

AttributeBegin
    Transform [ 0.960091 0.137779 0.243397 0 0.279671 -0.482268 -0.830182 0 -0.00300058 -0.865121 0.501554 0 10.2413 -9.01824 6.57297 1  ]
    ObjectInstance "Hoja_A16384"
AttributeEnd

AttributeBegin
    Transform [ 0.68089 -0.718903 -0.139879 0 -0.702323 -0.586764 -0.403051 0 -0.207679 -0.372674 0.904425 0 10.2075 -8.96153 6.6497 1  ]
    ObjectInstance "Hoja_A16384"
AttributeEnd

AttributeBegin
    Transform [ 0.471285 -0.607108 -0.639774 0 -0.848493 -0.114103 -0.516759 0 -0.240728 -0.786384 0.568902 0 10.1296 -8.99357 6.6128 1  ]
    ObjectInstance "Hoja_A16384"
AttributeEnd

AttributeBegin
    Transform [ 0.556527 0.541104 0.630464 0 0.830765 -0.371854 -0.414189 0 -0.0103214 -0.754275 0.656478 0 10.2828 -9.05705 6.64148 1  ]
    ObjectInstance "Hoja_A16384"
AttributeEnd

AttributeBegin
    Transform [ 0.936997 -0.261314 -0.231846 0 -0.340371 -0.832312 -0.437497 0 0.0786442 -0.488847 0.868817 0 10.217 -9.08996 6.6268 1  ]
    ObjectInstance "Hoja_A16384"
AttributeEnd

AttributeBegin
    Transform [ 0.577792 -0.691985 -0.432797 0 -0.767275 -0.279712 -0.577104 0 -0.278289 -0.66552 0.692559 0 10.1218 -9.01377 6.67619 1  ]
    ObjectInstance "Hoja_A16384"
AttributeEnd

AttributeBegin
    Transform [ 0.955266 -1.442e-7 -0.295747 0 -0.157574 -0.846243 -0.508963 0 0.250274 -0.532797 0.808387 0 10.2254 -9.01163 6.70498 1  ]
    ObjectInstance "Hoja_A16384"
AttributeEnd

AttributeBegin
    Transform [ 0.795047 -0.404591 -0.451892 0 -0.606518 -0.53765 -0.58572 0 0.00598248 -0.739756 0.672849 0 10.6107 -8.50241 6.71067 1  ]
    ObjectInstance "Hoja_A16384"
AttributeEnd

AttributeBegin
    Transform [ -0.273213 0.921936 0.274571 0 0.961533 0.253285 0.106314 0 -0.0284697 -0.293055 0.955671 0 10.7128 -8.43489 6.71338 1  ]
    ObjectInstance "Hoja_A16384"
AttributeEnd

AttributeBegin
    Transform [ -0.570297 -0.800577 -0.183951 0 -0.820298 0.543248 0.178861 0 0.0432614 -0.252899 0.966525 0 10.5408 -8.46564 6.77955 1  ]
    ObjectInstance "Hoja_A16384"
AttributeEnd

AttributeBegin
    Transform [ 0.98325 0.0134077 0.181769 0 0.0882749 -0.907548 -0.410565 0 -0.15946 -0.419734 0.89353 0 10.5941 -8.56392 6.79195 1  ]
    ObjectInstance "Hoja_A16384"
AttributeEnd

AttributeBegin
    Transform [ 0.39182 0.649526 0.651609 0 0.834297 0.0477255 -0.549245 0 0.387847 -0.758841 0.523198 0 10.7615 -8.50938 6.77078 1  ]
    ObjectInstance "Hoja_A16384"
AttributeEnd

AttributeBegin
    Transform [ -0.881536 -0.37501 -0.286812 0 -0.367208 0.926454 -0.0827087 0 -0.296735 -0.032409 0.95441 0 10.6779 -8.43931 6.79495 1  ]
    ObjectInstance "Hoja_A16384"
AttributeEnd

AttributeBegin
    Transform [ 0.973018 -0.139198 -0.184008 0 -0.228049 -0.701382 -0.675321 0 0.0350567 -0.699062 0.714201 0 10.6721 -8.57244 6.86135 1  ]
    ObjectInstance "Hoja_A16384"
AttributeEnd

AttributeBegin
    Transform [ -0.56633 0.700544 0.434178 0 0.823397 0.457968 0.335088 0 -0.0359039 -0.54727 0.836186 0 10.7385 -8.47892 6.8805 1  ]
    ObjectInstance "Hoja_A16384"
AttributeEnd

AttributeBegin
    Transform [ 0.433254 0.663384 0.610092 0 0.87461 -0.472897 -0.106896 0 -0.217597 -0.579906 0.785087 0 10.7354 -8.49569 6.92482 1  ]
    ObjectInstance "Hoja_A16384"
AttributeEnd

AttributeBegin
    Transform [ 0.0780373 0.854788 0.513076 0 0.992259 -0.116463 0.0431095 0 -0.0966039 -0.50574 0.85726 0 10.8078 -8.50552 6.91275 1  ]
    ObjectInstance "Hoja_A16384"
AttributeEnd

AttributeBegin
    Transform [ -0.740189 0.566202 0.362678 0 0.663416 0.70283 0.256728 0 0.109541 -0.430634 0.895855 0 10.8029 -8.34951 6.95673 1  ]
    ObjectInstance "Hoja_A16384"
AttributeEnd

AttributeBegin
    Transform [ 0.427513 -0.902499 0.0522276 0 -0.829923 -0.414727 -0.373134 0 -0.358413 -0.116175 0.926306 0 10.6931 -8.49262 6.99161 1  ]
    ObjectInstance "Hoja_A16384"
AttributeEnd

AttributeBegin
    Transform [ 0.503582 0.639873 0.58049 0 0.85917 -0.300347 -0.414269 0 0.0907308 -0.707358 0.701009 0 10.8815 -8.47116 6.99051 1  ]
    ObjectInstance "Hoja_A16384"
AttributeEnd

AttributeBegin
    Transform [ 0.479228 0.670405 0.566478 0 0.850774 -0.513434 -0.112107 0 -0.215692 -0.53567 0.816416 0 10.8249 -8.46104 7.02135 1  ]
    ObjectInstance "Hoja_A16384"
AttributeEnd

AttributeBegin
    Transform [ -0.975257 -0.0296204 -0.21908 0 -0.0276846 0.999546 -0.0119013 0 -0.219333 0.00554162 0.975634 0 10.7723 -8.35354 7.02302 1  ]
    ObjectInstance "Hoja_A16384"
AttributeEnd

AttributeBegin
    Transform [ -0.250008 0.962586 0.104523 0 0.968202 0.247531 0.0362454 0 -0.00901673 -0.110261 0.993862 0 10.8925 -8.38508 7.07413 1  ]
    ObjectInstance "Hoja_A16384"
AttributeEnd

AttributeBegin
    Transform [ -0.9729 -0.130669 -0.190767 0 -0.192489 0.914808 0.35507 0 -0.128118 -0.382168 0.915169 0 10.8221 -8.33171 7.07804 1  ]
    ObjectInstance "Hoja_A16384"
AttributeEnd

AttributeBegin
    Transform [ -0.187379 -0.969436 -0.158376 0 -0.978173 0.16941 0.120322 0 0.0898142 -0.177464 0.98002 0 10.7093 -8.43315 7.12953 1  ]
    ObjectInstance "Hoja_A16384"
AttributeEnd

AttributeBegin
    Transform [ 0.976253 -1.474e-7 -0.216633 0 -0.0777873 -0.933309 -0.350547 0 0.202185 -0.359074 0.911146 0 10.8801 -8.44145 7.21791 1  ]
    ObjectInstance "Hoja_A16384"
AttributeEnd

AttributeBegin
    Transform [ 0.875159 -0.282758 -0.392612 0 -0.398172 -0.8819 -0.252412 0 0.274873 -0.377228 0.884389 0 10.8224 -8.46912 7.21412 1  ]
    ObjectInstance "Hoja_A16384"
AttributeEnd

AttributeBegin
    Transform [ -0.706927 -0.572973 -0.414676 0 -0.703488 0.630284 0.3284 0 -0.0731994 -0.523875 0.848644 0 10.1689 -8.38712 6.76551 1  ]
    ObjectInstance "Hoja_A16384"
AttributeEnd

AttributeBegin
    Transform [ 0.997109 -1.506e-7 -0.0759847 0 -0.0196761 -0.965892 -0.258198 0 0.073393 -0.258946 0.963099 0 10.2454 -8.36908 6.87097 1  ]
    ObjectInstance "Hoja_A16384"
AttributeEnd

AttributeBegin
    Transform [ -0.975898 0.205621 -0.0731011 0 0.209877 0.97611 -0.0562244 0 -0.0597938 0.0702116 0.995738 0 10.2153 -8.30202 6.81666 1  ]
    ObjectInstance "Hoja_A16384"
AttributeEnd

AttributeBegin
    Transform [ -0.144204 -0.931597 -0.333664 0 -0.988843 0.148387 0.0130606 0 -0.0373442 -0.331825 0.942602 0 10.1351 -8.35388 6.83578 1  ]
    ObjectInstance "Hoja_A16384"
AttributeEnd

AttributeBegin
    Transform [ -0.214054 -0.809624 -0.546525 0 -0.90329 0.377026 -0.204742 0 -0.371818 -0.449844 0.812029 0 10.1194 -8.41103 6.81988 1  ]
    ObjectInstance "Hoja_A16384"
AttributeEnd

AttributeBegin
    Transform [ 0.954825 0.156125 -0.252851 0 -0.0370938 -0.781597 -0.62268 0 0.294844 -0.603929 0.740497 0 10.2146 -8.45249 6.86558 1  ]
    ObjectInstance "Hoja_A16384"
AttributeEnd

AttributeBegin
    Transform [ -0.722228 0.430495 0.541351 0 0.681894 0.574211 0.453103 0 0.115791 -0.696388 0.708263 0 10.2416 -8.3388 6.88271 1  ]
    ObjectInstance "Hoja_A16384"
AttributeEnd

AttributeBegin
    Transform [ -0.144004 -0.943799 -0.297502 0 -0.927526 0.233512 -0.291834 0 -0.344903 -0.233916 0.909025 0 10.0484 -8.34526 6.86326 1  ]
    ObjectInstance "Hoja_A16384"
AttributeEnd

AttributeBegin
    Transform [ 0.909451 0.394643 0.130982 0 0.359959 -0.589519 -0.723115 0 0.208156 -0.704786 0.678195 0 10.1737 -8.47202 6.91019 1  ]
    ObjectInstance "Hoja_A16384"
AttributeEnd

AttributeBegin
    Transform [ -0.0860215 -0.71809 -0.690614 0 -0.935889 0.295937 -0.191138 0 -0.341633 -0.629896 0.697509 0 10.0429 -8.35115 6.98661 1  ]
    ObjectInstance "Hoja_A16384"
AttributeEnd

AttributeBegin
    Transform [ 0.968357 -1.462e-7 -0.249571 0 -0.0628374 -0.967784 -0.243814 0 0.24153 -0.251782 0.93716 0 10.1479 -8.40787 7.00986 1  ]
    ObjectInstance "Hoja_A16384"
AttributeEnd

AttributeBegin
    Transform [ -0.732736 -0.654037 -0.187973 0 -0.466962 0.684166 -0.560235 0 -0.495019 0.322728 0.806723 0 10.0364 -8.28208 6.91742 1  ]
    ObjectInstance "Hoja_A16384"
AttributeEnd

AttributeBegin
    Transform [ 0.51706 -0.59809 -0.612321 0 -0.855392 -0.386852 -0.344454 0 0.0308627 -0.701879 0.711628 0 10.0197 -8.35692 6.95683 1  ]
    ObjectInstance "Hoja_A16384"
AttributeEnd

AttributeBegin
    Transform [ 0.979549 -0.178177 0.0934722 0 -0.120078 -0.890435 -0.438984 0 -0.161448 -0.418783 0.89362 0 10.0226 -8.43288 6.99836 1  ]
    ObjectInstance "Hoja_A16384"
AttributeEnd

AttributeBegin
    Transform [ -0.28335 -0.820844 -0.495912 0 -0.958755 0.230379 0.166478 0 0.0224048 -0.52263 0.852266 0 10.0085 -8.30052 6.99844 1  ]
    ObjectInstance "Hoja_A16384"
AttributeEnd

AttributeBegin
    Transform [ 0.00549241 0.74787 0.663822 0 0.993622 0.0706885 -0.0878597 0 0.112632 -0.66007 0.742712 0 10.1359 -8.30647 7.01218 1  ]
    ObjectInstance "Hoja_A16384"
AttributeEnd

AttributeBegin
    Transform [ -0.957553 -0.288252 -0.0018444 0 -0.288164 0.957385 -0.0194095 0 -0.00736064 0.0180541 0.99981 0 9.97663 -8.24741 6.95587 1  ]
    ObjectInstance "Hoja_A16384"
AttributeEnd

AttributeBegin
    Transform [ -0.171069 -0.956309 -0.237085 0 -0.779354 0.27856 -0.561259 0 -0.602779 -0.0887588 0.792956 0 9.9268 -8.28999 6.95173 1  ]
    ObjectInstance "Hoja_A16384"
AttributeEnd

AttributeBegin
    Transform [ -0.920681 -0.268774 -0.283032 0 -0.251853 0.963063 -0.0952909 0 -0.298189 0.0164503 0.954365 0 9.99419 -8.19188 7.03097 1  ]
    ObjectInstance "Hoja_A16384"
AttributeEnd

AttributeBegin
    Transform [ 0.358883 -0.742704 -0.565326 0 -0.801415 0.0652913 -0.594535 0 -0.478474 -0.666429 0.571782 0 9.88385 -8.2876 7.02956 1  ]
    ObjectInstance "Hoja_A16384"
AttributeEnd

AttributeBegin
    Transform [ 0.916555 0.331707 0.223376 0 0.399196 -0.792209 -0.461571 0 -0.023854 -0.512226 0.858519 0 9.9978 -8.31416 7.12808 1  ]
    ObjectInstance "Hoja_A16384"
AttributeEnd

AttributeBegin
    Transform [ 0.834753 -0.346965 -0.427554 0 -0.550094 -0.491439 -0.675191 0 -0.0241507 -0.798813 0.601094 0 10.2644 -8.81407 6.97154 1  ]
    ObjectInstance "Hoja_A16384"
AttributeEnd

AttributeBegin
    Transform [ 0.994708 -1.502e-7 -0.102744 0 -0.041271 -0.915778 -0.399559 0 0.094091 -0.401685 0.910932 0 10.2715 -8.8228 7.00949 1  ]
    ObjectInstance "Hoja_A16384"
AttributeEnd

AttributeBegin
    Transform [ -0.973981 0.0251596 -0.225227 0 -0.0586539 0.931972 0.357754 0 -0.218906 -0.361656 0.906248 0 10.2579 -8.65479 7.0485 1  ]
    ObjectInstance "Hoja_A16384"
AttributeEnd

AttributeBegin
    Transform [ 0.293402 -0.715889 -0.633575 0 -0.93984 -0.0946996 -0.328227 0 -0.174975 -0.691762 0.700607 0 10.1903 -8.73218 7.06341 1  ]
    ObjectInstance "Hoja_A16384"
AttributeEnd

AttributeBegin
    Transform [ 0.08579 -0.765801 -0.63733 0 -0.979501 0.0521925 -0.194562 0 -0.18226 -0.640957 0.745625 0 10.2416 -8.80383 7.07901 1  ]
    ObjectInstance "Hoja_A16384"
AttributeEnd

AttributeBegin
    Transform [ 0.451648 -0.891883 -0.0236532 0 -0.872728 -0.43613 -0.219402 0 -0.185365 -0.119735 0.975348 0 10.2306 -8.77711 7.12685 1  ]
    ObjectInstance "Hoja_A16384"
AttributeEnd

AttributeBegin
    Transform [ 0.762329 -0.622615 -0.176648 0 -0.642972 -0.697494 -0.316368 0 -0.073764 -0.354756 0.932044 0 10.1976 -8.85768 7.10902 1  ]
    ObjectInstance "Hoja_A16384"
AttributeEnd

AttributeBegin
    Transform [ 0.976645 -0.0560514 -0.207419 0 -0.210215 -0.448894 -0.868507 0 0.0444281 -0.891825 0.450193 0 10.313 -8.87925 7.11726 1  ]
    ObjectInstance "Hoja_A16384"
AttributeEnd

AttributeBegin
    Transform [ -0.0399514 0.954513 0.295482 0 0.98608 -0.0101034 0.165963 0 -0.161399 -0.298 0.940822 0 10.3846 -8.82403 7.13685 1  ]
    ObjectInstance "Hoja_A16384"
AttributeEnd

AttributeBegin
    Transform [ 0.360296 -0.847289 -0.390241 0 -0.829944 -0.100166 -0.54878 0 -0.425886 -0.521601 0.739293 0 10.1767 -8.79417 7.1373 1  ]
    ObjectInstance "Hoja_A16384"
AttributeEnd

AttributeBegin
    Transform [ 0.985799 -1.489e-7 -0.167932 0 -0.00806314 -0.998847 -0.0473316 0 0.167738 -0.0480135 0.984662 0 10.216 -8.82266 7.15691 1  ]
    ObjectInstance "Hoja_A16384"
AttributeEnd

AttributeBegin
    Transform [ -0.534677 -0.793805 -0.289815 0 -0.828979 0.559274 -0.00247961 0 -0.164055 -0.238925 0.957079 0 10.1631 -8.81798 7.18017 1  ]
    ObjectInstance "Hoja_A16384"
AttributeEnd

AttributeBegin
    Transform [ 0.944281 0.311133 0.107378 0 0.321692 -0.803408 -0.501049 0 0.0696246 -0.507673 0.858732 0 10.2692 -8.97595 7.15917 1  ]
    ObjectInstance "Hoja_A16384"
AttributeEnd

AttributeBegin
    Transform [ 0.484742 -0.804135 -0.344083 0 -0.719918 -0.1434 -0.679084 0 -0.496733 -0.576891 0.648423 0 10.1011 -8.98519 7.18922 1  ]
    ObjectInstance "Hoja_A16384"
AttributeEnd

AttributeBegin
    Transform [ 0.789324 0.538157 0.29556 0 0.599471 -0.571482 -0.560395 0 0.132674 -0.619513 0.773694 0 10.2281 -9.02949 7.23223 1  ]
    ObjectInstance "Hoja_A16384"
AttributeEnd

AttributeBegin
    Transform [ -0.975079 0.152169 0.161446 0 0.14931 0.988342 -0.0297677 0 0.164094 0.0049203 0.986432 0 10.1425 -8.92327 7.28612 1  ]
    ObjectInstance "Hoja_A16384"
AttributeEnd

AttributeBegin
    Transform [ 0.999421 -1.509e-7 -0.0340364 0 -0.0258031 -0.652136 -0.757663 0 0.0221962 -0.758102 0.651758 0 10.1531 -9.10242 7.28 1  ]
    ObjectInstance "Hoja_A16384"
AttributeEnd

AttributeBegin
    Transform [ 0.319945 -0.693416 -0.645608 0 -0.929404 -0.36202 -0.0717575 0 0.183965 -0.622989 0.760291 0 10.0825 -9.06498 7.35455 1  ]
    ObjectInstance "Hoja_A16384"
AttributeEnd

AttributeBegin
    Transform [ -0.506694 -0.679554 -0.530535 0 -0.862056 0.407171 0.301778 0 -0.0109446 -0.610261 0.792125 0 10.0337 -9.02437 7.30387 1  ]
    ObjectInstance "Hoja_A16384"
AttributeEnd

AttributeBegin
    Transform [ 0.966266 -0.0743249 -0.246591 0 -0.189073 -0.854836 -0.483225 0 0.174879 -0.513548 0.840051 0 10.1216 -9.16759 7.33051 1  ]
    ObjectInstance "Hoja_A16384"
AttributeEnd

AttributeBegin
    Transform [ -0.0587189 0.934066 0.35224 0 0.997194 0.0384696 0.0642205 0 -0.0464357 -0.355022 0.933704 0 10.1916 -9.11121 7.35999 1  ]
    ObjectInstance "Hoja_A16384"
AttributeEnd

AttributeBegin
    Transform [ 0.272817 0.684322 0.67622 0 0.962011 -0.201534 -0.184169 0 -0.0102503 -0.700776 0.713308 0 10.0683 -9.19212 7.46102 1  ]
    ObjectInstance "Hoja_A16384"
AttributeEnd

AttributeBegin
    Transform [ 0.990883 -1.496e-7 0.134723 0 0.0087123 -0.997907 -0.0640799 0 -0.134441 -0.0646694 0.988809 0 10.0843 -9.17005 7.45247 1  ]
    ObjectInstance "Hoja_A16384"
AttributeEnd

AttributeBegin
    Transform [ 0.939646 0.282744 0.192669 0 0.325801 -0.567426 -0.756228 0 0.104494 -0.773359 0.625298 0 10.4492 -8.49469 7.22881 1  ]
    ObjectInstance "Hoja_A16384"
AttributeEnd

AttributeBegin
    Transform [ -0.635255 0.579469 0.510555 0 0.772241 0.484934 0.410465 0 0.00973359 -0.655022 0.755547 0 10.4783 -8.39894 7.23653 1  ]
    ObjectInstance "Hoja_A16384"
AttributeEnd

AttributeBegin
    Transform [ -0.712361 -0.701813 -0.0010066 0 -0.701455 0.71195 0.0330019 0 0.0224445 -0.0242154 0.999455 0 10.3428 -8.3153 7.20666 1  ]
    ObjectInstance "Hoja_A16384"
AttributeEnd

AttributeBegin
    Transform [ 0.814086 -0.331058 -0.477141 0 -0.579975 -0.421207 -0.69729 0 -0.0298682 -0.844385 0.534904 0 10.3547 -8.46304 7.27787 1  ]
    ObjectInstance "Hoja_A16384"
AttributeEnd

AttributeBegin
    Transform [ 0.230762 0.935932 0.266046 0 0.940215 -0.144098 -0.308595 0 0.250487 -0.321353 0.91323 0 10.5145 -8.36254 7.28144 1  ]
    ObjectInstance "Hoja_A16384"
AttributeEnd

AttributeBegin
    Transform [ -0.886607 0.400533 0.231305 0 0.462499 0.772942 0.434344 0 0.00481644 -0.492071 0.870542 0 10.4893 -8.29134 7.2859 1  ]
    ObjectInstance "Hoja_A16384"
AttributeEnd

AttributeBegin
    Transform [ -0.965728 -0.198813 0.16686 0 -0.131237 0.928661 0.346938 0 0.223932 -0.31315 0.922925 0 10.3474 -8.27103 7.28995 1  ]
    ObjectInstance "Hoja_A16384"
AttributeEnd

AttributeBegin
    Transform [ 0.961228 0.27574 0.00285168 0 0.265485 -0.922584 -0.279923 0 0.074555 -0.269827 0.960018 0 10.4423 -8.42489 7.35713 1  ]
    ObjectInstance "Hoja_A16384"
AttributeEnd

AttributeBegin
    Transform [ 0.999725 -1.51e-7 0.0234322 0 0.016341 -0.716701 -0.697189 0 -0.016794 -0.69738 0.716504 0 10.3692 -8.28327 7.34572 1  ]
    ObjectInstance "Hoja_A16384"
AttributeEnd

AttributeBegin
    Transform [ -0.606549 0.719564 0.33812 0 0.781621 0.461872 0.419216 0 -0.145485 -0.518557 0.842575 0 10.4882 -8.26159 7.34305 1  ]
    ObjectInstance "Hoja_A16384"
AttributeEnd

AttributeBegin
    Transform [ 0.731302 -0.550575 -0.402571 0 -0.682045 -0.593301 -0.427562 0 0.00344094 -0.587249 0.809399 0 10.3382 -8.35954 7.40555 1  ]
    ObjectInstance "Hoja_A16384"
AttributeEnd

AttributeBegin
    Transform [ -0.983857 -0.0343482 -0.17563 0 -0.10567 0.903555 0.415237 0 -0.144429 -0.427093 0.892599 0 10.4426 -8.24889 7.40347 1  ]
    ObjectInstance "Hoja_A16384"
AttributeEnd

AttributeBegin
    Transform [ 0.945764 -0.305516 -0.110411 0 -0.258372 -0.501411 -0.82573 0 -0.196913 -0.809473 0.553153 0 10.418 -8.36996 7.41685 1  ]
    ObjectInstance "Hoja_A16384"
AttributeEnd

AttributeBegin
    Transform [ -0.459561 -0.887293 0.038913 0 -0.876944 0.460266 0.138294 0 0.140618 -0.02943 0.989627 0 10.3521 -8.22268 7.44094 1  ]
    ObjectInstance "Hoja_A16384"
AttributeEnd

AttributeBegin
    Transform [ -0.24377 -0.832628 -0.497299 0 -0.861784 0.421175 -0.282737 0 -0.444865 -0.359642 0.820215 0 10.347 -8.24488 7.48846 1  ]
    ObjectInstance "Hoja_A16384"
AttributeEnd

AttributeBegin
    Transform [ -0.924711 0.379083 0.0347276 0 0.353888 0.822451 0.445351 0 -0.140264 -0.424111 0.894682 0 10.4778 -8.14641 7.53824 1  ]
    ObjectInstance "Hoja_A16384"
AttributeEnd

AttributeBegin
    Transform [ 0.093025 -0.877645 -0.470198 0 -0.989544 -0.133775 0.053924 0 0.110227 -0.460265 0.880912 0 10.3641 -8.2518 7.59227 1  ]
    ObjectInstance "Hoja_A16384"
AttributeEnd

AttributeBegin
    Transform [ -0.697566 -0.716502 0.00518363 0 -0.658754 0.644157 0.388723 0 0.281859 -0.267745 0.92134 0 10.4423 -8.16243 7.61703 1  ]
    ObjectInstance "Hoja_A16384"
AttributeEnd

AttributeBegin
    Transform [ -0.902646 -0.412403 0.1231 0 -0.388875 0.90407 0.177294 0 0.184408 -0.112163 0.976429 0 10.4052 -8.09904 7.59961 1  ]
    ObjectInstance "Hoja_A16384"
AttributeEnd

AttributeBegin
    Transform [ 0.548601 -0.756091 -0.356881 0 -0.737575 -0.236649 -0.63244 0 -0.393727 -0.610184 0.687499 0 10.081 -8.66396 7.2932 1  ]
    ObjectInstance "Hoja_A16384"
AttributeEnd

AttributeBegin
    Transform [ 0.994343 -0.105375 0.0133162 0 -0.103608 -0.989896 -0.0968048 0 -0.0233825 -0.0948775 0.995214 0 10.0961 -8.63626 7.35279 1  ]
    ObjectInstance "Hoja_A16384"
AttributeEnd

AttributeBegin
    Transform [ 0.955362 -1.443e-7 -0.295437 0 -0.143911 -0.87334 -0.465368 0 0.258016 -0.487112 0.834356 0 10.1424 -8.555 7.36814 1  ]
    ObjectInstance "Hoja_A16384"
AttributeEnd

AttributeBegin
    Transform [ 0.733214 -0.618161 -0.283329 0 -0.669731 -0.728606 -0.143508 0 0.117724 -0.294976 0.948225 0 10.0973 -8.67173 7.36036 1  ]
    ObjectInstance "Hoja_A16384"
AttributeEnd

AttributeBegin
    Transform [ -0.679877 -0.513322 -0.523706 0 -0.713345 0.628514 0.310015 0 -0.170018 -0.584355 0.793488 0 10.0842 -8.50574 7.39707 1  ]
    ObjectInstance "Hoja_A16384"
AttributeEnd

AttributeBegin
    Transform [ 0.724116 -0.39443 -0.565757 0 -0.684933 -0.507334 -0.522952 0 0.0807598 -0.766184 0.637526 0 10.0318 -8.64644 7.40099 1  ]
    ObjectInstance "Hoja_A16384"
AttributeEnd

AttributeBegin
    Transform [ 0.670779 -0.672199 -0.313376 0 -0.703846 -0.710155 0.0167211 0 0.233785 -0.209352 0.949482 0 10.0576 -8.64231 7.46889 1  ]
    ObjectInstance "Hoja_A16384"
AttributeEnd

AttributeBegin
    Transform [ -0.943564 0.330921 0.0133302 0 0.301837 0.842677 0.445859 0 -0.136311 -0.42472 0.895004 0 10.083 -8.48785 7.46798 1  ]
    ObjectInstance "Hoja_A16384"
AttributeEnd

AttributeBegin
    Transform [ -0.597775 -0.788274 -0.145907 0 -0.781397 0.613597 -0.113656 0 -0.17912 -0.0460705 0.982748 0 10.0029 -8.50332 7.47267 1  ]
    ObjectInstance "Hoja_A16384"
AttributeEnd

AttributeBegin
    Transform [ 0.382619 -0.893618 -0.234628 0 -0.762601 -0.162098 -0.62623 0 -0.521578 -0.418535 0.743495 0 9.95677 -8.64225 7.50749 1  ]
    ObjectInstance "Hoja_A16384"
AttributeEnd

AttributeBegin
    Transform [ -0.53193 0.820853 0.207968 0 0.785533 0.570049 -0.240793 0 0.316208 -0.0352805 0.948034 0 10.098 -8.53093 7.53347 1  ]
    ObjectInstance "Hoja_A16384"
AttributeEnd

AttributeBegin
    Transform [ -0.167335 -0.985699 -0.0198818 0 -0.985897 0.167248 0.00597767 0 0.00256704 -0.0206017 0.999785 0 9.98242 -8.55603 7.54317 1  ]
    ObjectInstance "Hoja_A16384"
AttributeEnd

AttributeBegin
    Transform [ 0.98197 -1.483e-7 -0.189038 0 -0.0721889 -0.924214 -0.374989 0 0.174711 -0.381875 0.90755 0 9.96944 -8.61883 7.54274 1  ]
    ObjectInstance "Hoja_A16384"
AttributeEnd

AttributeBegin
    Transform [ -0.936261 -0.0597645 -0.346184 0 -0.252545 0.799506 0.544988 0 -0.244205 -0.597678 0.763639 0 9.90071 -8.53849 7.63616 1  ]
    ObjectInstance "Hoja_A16384"
AttributeEnd

AttributeBegin
    Transform [ -0.503155 0.613117 0.609034 0 0.854585 0.457811 0.245138 0 0.128524 -0.643814 0.754311 0 9.96614 -8.53743 7.64063 1  ]
    ObjectInstance "Hoja_A16384"
AttributeEnd

AttributeBegin
    Transform [ -0.958499 -0.272494 -0.0838296 0 -0.284417 0.93424 0.215179 0 -0.0196819 -0.230091 0.97297 0 10.3524 -8.58571 7.36998 1  ]
    ObjectInstance "Hoja_A16384"
AttributeEnd

AttributeBegin
    Transform [ -0.679902 0.501434 0.535068 0 0.61644 0.786016 0.0466922 0 0.397159 -0.361583 0.843518 0 10.4577 -8.59151 7.39924 1  ]
    ObjectInstance "Hoja_A16384"
AttributeEnd

AttributeBegin
    Transform [ 0.00784442 -0.856424 -0.516213 0 -0.998244 -0.037017 0.0462437 0 0.0587129 -0.514944 0.855211 0 10.3593 -8.64593 7.42054 1  ]
    ObjectInstance "Hoja_A16384"
AttributeEnd

AttributeBegin
    Transform [ 0.593159 0.798401 0.103529 0 0.800951 -0.572197 -0.17626 0 0.0814874 -0.187472 0.978884 0 10.4734 -8.77675 7.43918 1  ]
    ObjectInstance "Hoja_A16384"
AttributeEnd

AttributeBegin
    Transform [ -0.606144 -0.551019 -0.573558 0 -0.770947 0.584328 0.253381 0 -0.195528 -0.595768 0.778992 0 10.3775 -8.69698 7.45609 1  ]
    ObjectInstance "Hoja_A16384"
AttributeEnd

AttributeBegin
    Transform [ 0.66087 -0.63456 -0.40073 0 -0.689056 -0.301433 -0.659045 0 -0.29741 -0.711668 0.636455 0 10.389 -8.75888 7.52382 1  ]
    ObjectInstance "Hoja_A16384"
AttributeEnd

AttributeBegin
    Transform [ 0.811229 0.565276 0.149569 0 0.521605 -0.583977 -0.622012 0 0.264264 -0.58261 0.76859 0 10.5165 -8.81349 7.4575 1  ]
    ObjectInstance "Hoja_A16384"
AttributeEnd

AttributeBegin
    Transform [ 0.993037 -1.499e-7 0.117799 0 0.0294229 -0.968304 -0.248035 0 -0.114065 -0.249774 0.961562 0 10.5451 -8.76791 7.49554 1  ]
    ObjectInstance "Hoja_A16384"
AttributeEnd

AttributeBegin
    Transform [ -0.743457 -0.641833 -0.187944 0 -0.636902 0.59375 0.491748 0 0.204028 -0.485296 0.850212 0 10.4608 -8.7017 7.56324 1  ]
    ObjectInstance "Hoja_A16384"
AttributeEnd

AttributeBegin
    Transform [ 0.995636 -1.503e-7 -0.0933258 0 -0.0134354 -0.989583 -0.143332 0 0.0923537 -0.14396 0.985265 0 10.5399 -8.80743 7.54683 1  ]
    ObjectInstance "Hoja_A16384"
AttributeEnd

AttributeBegin
    Transform [ 0.614695 -0.694688 -0.373574 0 -0.788725 -0.536572 -0.300007 0 -0.00796194 -0.47906 0.877746 0 10.4295 -8.84412 7.54242 1  ]
    ObjectInstance "Hoja_A16384"
AttributeEnd

AttributeBegin
    Transform [ 0.426529 0.695503 0.578228 0 0.72082 0.124779 -0.681798 0 0.546343 -0.707605 0.448111 0 10.6047 -8.8188 7.50418 1  ]
    ObjectInstance "Hoja_A16384"
AttributeEnd

AttributeBegin
    Transform [ -0.962549 0.169477 0.211604 0 0.21705 0.949421 0.226913 0 0.162444 -0.264344 0.950649 0 10.5268 -8.73065 7.59641 1  ]
    ObjectInstance "Hoja_A16384"
AttributeEnd

AttributeBegin
    Transform [ -0.243627 0.950807 0.19134 0 0.95897 0.206661 0.194084 0 -0.144994 -0.230774 0.962144 0 10.6181 -8.88811 7.65025 1  ]
    ObjectInstance "Hoja_A16384"
AttributeEnd

AttributeBegin
    Transform [ 0.288778 -0.702858 -0.650075 0 -0.933259 -0.0551515 -0.354945 0 -0.213623 -0.709189 0.671875 0 10.4924 -8.91413 7.65685 1  ]
    ObjectInstance "Hoja_A16384"
AttributeEnd

AttributeBegin
    Transform [ -0.622332 0.770027 0.140575 0 0.749349 0.637991 -0.177321 0 0.226228 0.00501263 0.974062 0 10.6258 -8.85767 7.63834 1  ]
    ObjectInstance "Hoja_A16384"
AttributeEnd

AttributeBegin
    Transform [ 0.801391 -0.471663 -0.367841 0 -0.55436 -0.81663 -0.160627 0 0.224628 -0.332641 0.915911 0 10.5483 -8.9576 7.6414 1  ]
    ObjectInstance "Hoja_A16384"
AttributeEnd

AttributeBegin
    Transform [ 0.00438548 0.865486 0.500915 0 0.999668 0.0089359 -0.0241916 0 0.0254136 -0.500854 0.865159 0 10.3313 -8.4792 7.64466 1  ]
    ObjectInstance "Hoja_A16384"
AttributeEnd

AttributeBegin
    Transform [ -0.97874 -0.146993 0.143044 0 -0.123874 0.979484 0.158955 0 0.163474 -0.137856 0.976868 0 10.1842 -8.34221 7.64573 1  ]
    ObjectInstance "Hoja_A16384"
AttributeEnd

AttributeBegin
    Transform [ -0.995985 0.0729017 -0.0519581 0 0.0454006 0.911544 0.40869 0 -0.0771562 -0.40469 0.911193 0 10.2355 -8.3475 7.6937 1  ]
    ObjectInstance "Hoja_A16384"
AttributeEnd

AttributeBegin
    Transform [ -0.288602 -0.856482 -0.427958 0 -0.710364 0.491229 -0.50406 0 -0.641944 -0.158533 0.750184 0 10.117 -8.40553 7.69263 1  ]
    ObjectInstance "Hoja_A16384"
AttributeEnd

AttributeBegin
    Transform [ 0.656194 0.748533 0.0954383 0 0.60371 -0.444893 -0.661517 0 0.452707 -0.4917 0.743833 0 10.2652 -8.47179 7.74458 1  ]
    ObjectInstance "Hoja_A16384"
AttributeEnd

AttributeBegin
    Transform [ -0.842695 0.518941 0.143408 0 0.523216 0.726559 0.445373 0 -0.126928 -0.450347 0.883785 0 10.2251 -8.30467 7.75658 1  ]
    ObjectInstance "Hoja_A16384"
AttributeEnd

AttributeBegin
    Transform [ -0.906341 -0.390083 -0.162423 0 -0.379682 0.920521 -0.0920988 0 -0.18544 0.0218037 0.982414 0 10.1186 -8.34214 7.80374 1  ]
    ObjectInstance "Hoja_A16384"
AttributeEnd

AttributeBegin
    Transform [ -0.00964029 0.892883 0.450185 0 0.934314 0.168469 -0.314129 0 0.356322 -0.417585 0.835857 0 10.2576 -8.35413 7.83605 1  ]
    ObjectInstance "Hoja_A16384"
AttributeEnd

AttributeBegin
    Transform [ -0.954417 -0.279389 0.105019 0 -0.23463 0.919769 0.314601 0 0.18449 -0.27562 0.943397 0 10.1767 -8.2939 7.85518 1  ]
    ObjectInstance "Hoja_A16384"
AttributeEnd

AttributeBegin
    Transform [ -0.543949 -0.67947 -0.492381 0 -0.739809 0.665237 -0.100715 0 -0.395983 -0.309484 0.864533 0 10.0617 -8.26869 7.81058 1  ]
    ObjectInstance "Hoja_A16384"
AttributeEnd

AttributeBegin
    Transform [ 0.730133 0.641111 0.236395 0 0.683204 -0.678981 -0.268734 0 0.0117805 -0.357717 0.933756 0 10.1752 -8.396 7.89793 1  ]
    ObjectInstance "Hoja_A16384"
AttributeEnd

AttributeBegin
    Transform [ 0.514399 -0.688488 -0.511252 0 -0.79928 -0.168909 -0.576735 0 -0.310719 -0.705305 0.637181 0 10.0488 -8.32538 7.89131 1  ]
    ObjectInstance "Hoja_A16384"
AttributeEnd

AttributeBegin
    Transform [ -0.982754 -0.166148 0.0811737 0 -0.134543 0.943604 0.302506 0 0.126857 -0.286368 0.949685 0 10.1127 -8.18124 7.91856 1  ]
    ObjectInstance "Hoja_A16384"
AttributeEnd

AttributeBegin
    Transform [ -0.829569 -0.556728 0.0432328 0 -0.55799 0.829447 -0.0257889 0 0.021502 0.0455171 0.998732 0 10.0502 -8.13007 8.03041 1  ]
    ObjectInstance "Hoja_A16384"
AttributeEnd

AttributeBegin
    Transform [ 0.449746 -0.60381 -0.658135 0 -0.880104 -0.174087 -0.441714 0 -0.152139 -0.777887 0.60971 0 10.0223 -8.19864 8.06133 1  ]
    ObjectInstance "Hoja_A16384"
AttributeEnd

AttributeBegin
    Transform [ -0.989071 -0.117963 0.0884506 0 -0.137114 0.95646 -0.25765 0 0.0542064 0.266962 0.962181 0 10.104 -8.13214 8.0524 1  ]
    ObjectInstance "Hoja_A16384"
AttributeEnd

AttributeBegin
    Transform [ 0.258675 -0.916318 -0.305693 0 -0.954234 -0.291569 0.0665166 0 0.150081 -0.274496 0.949804 0 10.0504 -8.21159 8.0775 1  ]
    ObjectInstance "Hoja_A16384"
AttributeEnd

AttributeBegin
    Transform [ 0.538919 -0.827692 -0.1565 0 -0.738403 -0.37478 -0.560625 0 -0.405372 -0.417691 0.813146 0 10.0398 -8.77325 7.66408 1  ]
    ObjectInstance "Hoja_A16384"
AttributeEnd

AttributeBegin
    Transform [ 0.985824 0.166277 0.0224324 0 0.10449 -0.503819 -0.857466 0 0.131275 -0.847654 0.514052 0 10.1046 -8.81108 7.68323 1  ]
    ObjectInstance "Hoja_A16384"
AttributeEnd

AttributeBegin
    Transform [ -0.925273 0.227533 0.303479 0 0.35191 0.813496 0.463016 0 0.141527 -0.535213 0.832777 0 10.1062 -8.63391 7.7389 1  ]
    ObjectInstance "Hoja_A16384"
AttributeEnd

AttributeBegin
    Transform [ 0.986099 -1.489e-7 0.166161 0 0.0681412 -0.912044 -0.404391 0 -0.151547 -0.410092 0.899366 0 10.0995 -8.81505 7.77125 1  ]
    ObjectInstance "Hoja_A16384"
AttributeEnd

AttributeBegin
    Transform [ -0.986783 -0.137778 0.0853049 0 -0.0942801 0.916275 0.389297 0 0.131799 -0.376109 0.917154 0 9.9815 -8.65587 7.7892 1  ]
    ObjectInstance "Hoja_A16384"
AttributeEnd

AttributeBegin
    Transform [ 0.99868 -1.508e-7 0.051368 0 0.0294138 -0.819827 -0.571855 0 -0.042113 -0.572611 0.818745 0 10.025 -8.82318 7.87372 1  ]
    ObjectInstance "Hoja_A16384"
AttributeEnd

AttributeBegin
    Transform [ 0.984318 -1.486e-7 0.176406 0 0.0919146 -0.853531 -0.512871 0 -0.150568 -0.521042 0.840146 0 9.9605 -8.69848 7.8125 1  ]
    ObjectInstance "Hoja_A16384"
AttributeEnd

AttributeBegin
    Transform [ -0.262244 -0.887743 -0.378338 0 -0.963904 0.222279 0.146567 0 0.0460169 -0.403117 0.91399 0 9.83911 -8.8166 7.82565 1  ]
    ObjectInstance "Hoja_A16384"
AttributeEnd

AttributeBegin
    Transform [ 0.949387 -1.434e-7 0.314109 0 0.0726763 -0.972865 -0.219663 0 -0.305585 -0.231373 0.923625 0 9.88556 -8.85197 7.86213 1  ]
    ObjectInstance "Hoja_A16384"
AttributeEnd

AttributeBegin
    Transform [ 0.630311 0.539749 0.558012 0 0.770056 -0.525955 -0.361088 0 -0.0985927 -0.657299 0.747153 0 9.8283 -8.90399 7.91063 1  ]
    ObjectInstance "Hoja_A16384"
AttributeEnd

AttributeBegin
    Transform [ -0.780357 -0.463081 -0.420238 0 -0.623398 0.523227 0.581041 0 0.0491894 -0.715395 0.696987 0 9.73985 -8.8124 7.92752 1  ]
    ObjectInstance "Hoja_A16384"
AttributeEnd

AttributeBegin
    Transform [ -0.173274 -0.841656 -0.51146 0 -0.873612 0.371123 -0.314754 0 -0.454729 -0.392279 0.799587 0 9.63924 -8.84186 7.94013 1  ]
    ObjectInstance "Hoja_A16384"
AttributeEnd

AttributeBegin
    Transform [ 0.999721 -1.51e-7 -0.0236382 0 -0.0102952 -0.900175 -0.435406 0 0.0212784 -0.435528 0.899924 0 9.59929 -8.8499 7.98617 1  ]
    ObjectInstance "Hoja_A16384"
AttributeEnd

AttributeBegin
    Transform [ 0.957295 -1.445e-7 -0.289111 0 -0.0135678 -0.998898 -0.0449246 0 0.288793 -0.0469288 0.956241 0 9.58916 -8.88543 7.98467 1  ]
    ObjectInstance "Hoja_A16384"
AttributeEnd

AttributeBegin
    Transform [ -0.0587984 0.976815 0.205852 0 0.946887 0.119878 -0.298386 0 0.316145 -0.177374 0.931983 0 10.2743 -8.61806 7.99216 1  ]
    ObjectInstance "Hoja_A16384"
AttributeEnd

AttributeBegin
    Transform [ -0.84596 -0.533224 0.00488906 0 -0.514206 0.818147 0.257347 0 0.141224 -0.215192 0.966307 0 10.2317 -8.55504 7.99672 1  ]
    ObjectInstance "Hoja_A16384"
AttributeEnd

AttributeBegin
    Transform [ 0.518009 -0.750801 -0.409834 0 -0.825704 -0.564008 -0.0104048 0 0.223337 -0.343791 0.912101 0 10.1719 -8.60791 8.06324 1  ]
    ObjectInstance "Hoja_A16384"
AttributeEnd

AttributeBegin
    Transform [ -0.240238 0.906375 0.347521 0 0.966389 0.257076 -0.00242843 0 0.0915402 -0.335257 0.937669 0 10.3469 -8.5684 8.08042 1  ]
    ObjectInstance "Hoja_A16384"
AttributeEnd

AttributeBegin
    Transform [ -0.991971 -0.124409 0.0227208 0 -0.113357 0.954332 0.276407 0 0.0560707 -0.271612 0.960772 0 10.2794 -8.51164 8.10774 1  ]
    ObjectInstance "Hoja_A16384"
AttributeEnd

AttributeBegin
    Transform [ -0.942882 0.00894733 -0.333007 0 0.0639251 0.985921 -0.154509 0 -0.326936 0.166971 0.930179 0 10.2417 -8.53415 8.16533 1  ]
    ObjectInstance "Hoja_A16384"
AttributeEnd

AttributeBegin
    Transform [ 0.45632 -0.749733 -0.479242 0 -0.865756 -0.249689 -0.433731 0 -0.205521 -0.612827 0.763024 0 10.1798 -8.62303 8.18051 1  ]
    ObjectInstance "Hoja_A16384"
AttributeEnd

AttributeBegin
    Transform [ -0.898516 -0.437228 0.0387405 0 -0.422847 0.885873 0.190865 0 0.117771 -0.155114 0.980852 0 10.2929 -8.50552 8.20887 1  ]
    ObjectInstance "Hoja_A16384"
AttributeEnd

AttributeBegin
    Transform [ -0.493057 -0.867946 -0.0597055 0 -0.866928 0.495919 -0.0500123 0 -0.073017 -0.0271014 0.996962 0 10.2606 -8.6018 8.2406 1  ]
    ObjectInstance "Hoja_A16384"
AttributeEnd

AttributeBegin
    Transform [ 0.966846 -1.46e-7 0.255361 0 0.0985367 -0.922552 -0.373079 0 -0.235584 -0.385872 0.891966 0 10.3318 -8.69413 8.25757 1  ]
    ObjectInstance "Hoja_A16384"
AttributeEnd

AttributeBegin
    Transform [ 0.265671 0.677721 0.685649 0 0.963122 -0.155159 -0.21982 0 0.0425923 -0.718763 0.693949 0 10.4175 -8.64 8.20876 1  ]
    ObjectInstance "Hoja_A16384"
AttributeEnd

AttributeBegin
    Transform [ -0.942019 0.315212 -0.115069 0 0.320456 0.946793 -0.0298572 0 -0.0995352 0.0650007 0.992909 0 10.3866 -8.54861 8.23047 1  ]
    ObjectInstance "Hoja_A16384"
AttributeEnd

AttributeBegin
    Transform [ 0.0564152 -0.862158 -0.503489 0 -0.966095 0.0801182 -0.245442 0 -0.251948 -0.500264 0.828407 0 10.2562 -8.58882 8.29357 1  ]
    ObjectInstance "Hoja_A16384"
AttributeEnd

AttributeBegin
