#############################################

AttributeBegin
    ObjectBegin "Hoja_A01-a6"

    AttributeBegin
        Transform [ 1 0 0 0 0 1 0 0 0 0 1 0 0 0 0 1  ]
        NamedMaterial "Leave A_a"
        Shape "plymesh"
            "string filename" [ "geometry/hojas_a6_00001.ply" ]
            "texture alpha" [ "Leave A_a_Alpha" ]
    AttributeEnd
    ObjectEnd
AttributeEnd

AttributeBegin
    Transform [ -0.214216 -0.96922 -0.12134 0 -0.403498 0.200934 -0.892645 0 -0.889551 0.142258 0.434122 0 10.7735 -8.84218 3.04993 1  ]
    ObjectInstance "Hoja_A01-a6"
AttributeEnd

AttributeBegin
    Transform [ 0.424057 -0.904586 0.0435907 0 -0.858229 -0.416762 -0.299589 0 -0.28917 -0.0896319 0.953072 0 10.7769 -8.90814 3.12585 1  ]
    ObjectInstance "Hoja_A01-a6"
AttributeEnd

AttributeBegin
    Transform [ -0.67754 -0.214602 0.703481 0 -0.393229 0.913996 -0.0999076 0 0.621539 0.344321 0.703657 0 10.8436 -8.75915 3.19723 1  ]
    ObjectInstance "Hoja_A01-a6"
AttributeEnd

AttributeBegin
    Transform [ 0.961945 -0.236531 -0.136805 0 -0.258296 -0.95047 -0.172884 0 0.0891369 -0.201641 0.975395 0 10.7776 -8.82468 3.22784 1  ]
    ObjectInstance "Hoja_A01-a6"
AttributeEnd

AttributeBegin
    Transform [ 0.988505 -0.117267 -0.0954228 0 -0.151126 -0.7842 -0.601824 0 0.00425644 -0.609327 0.792908 0 10.7684 -8.72149 3.33268 1  ]
    ObjectInstance "Hoja_A01-a6"
AttributeEnd

AttributeBegin
    Transform [ -0.722116 -0.144256 0.676564 0 -0.260628 0.962682 -0.0729154 0 0.640797 0.228985 0.732766 0 10.7607 -8.59883 3.34234 1  ]
    ObjectInstance "Hoja_A01-a6"
AttributeEnd

AttributeBegin
    Transform [ -0.901857 0.424801 0.0787298 0 0.331918 0.797916 -0.50315 0 0.276558 0.427638 0.860605 0 10.8484 -9.00588 3.40387 1  ]
    ObjectInstance "Hoja_A01-a6"
AttributeEnd

AttributeBegin
    Transform [ 0.474537 -0.874533 0.100033 0 -0.391373 -0.311416 -0.865937 0 -0.788442 -0.371769 0.490047 0 10.7879 -9.17179 3.48413 1  ]
    ObjectInstance "Hoja_A01-a6"
AttributeEnd

AttributeBegin
    Transform [ -0.349649 -0.815252 0.461638 0 -0.580472 -0.198257 -0.789776 0 -0.735389 0.544113 0.403911 0 10.8166 -9.21732 3.59024 1  ]
    ObjectInstance "Hoja_A01-a6"
AttributeEnd

AttributeBegin
    Transform [ 0.939244 0.117098 -0.32266 0 0 -0.940011 -0.341144 0 0.343251 -0.320417 0.8829 0 10.882 -9.15516 3.64821 1  ]
    ObjectInstance "Hoja_A01-a6"
AttributeEnd

AttributeBegin
    Transform [ 0.993282 0.0236709 0.113269 0 0.0462025 -0.978571 -0.200658 0 -0.106092 -0.204543 0.973091 0 10.8908 -9.24779 3.67727 1  ]
    ObjectInstance "Hoja_A01-a6"
AttributeEnd

AttributeBegin
    Transform [ 0.866623 -0.304918 -0.394955 0 -0.475019 -0.746446 -0.466021 0 0.152714 -0.591475 0.791729 0 10.8533 -9.27713 3.77166 1  ]
    ObjectInstance "Hoja_A01-a6"
AttributeEnd

AttributeBegin
    Transform [ 0.688778 -0.515699 0.509549 0 -1.192e-7 -0.702852 -0.711336 0 -0.724973 -0.489952 0.484109 0 10.9852 -9.2945 3.82547 1  ]
    ObjectInstance "Hoja_A01-a6"
AttributeEnd

AttributeBegin
    Transform [ 0.697725 -0.0786262 0.712038 0 -2.831e-7 -0.993958 -0.109757 0 -0.716366 -0.0765798 0.69351 0 11.1703 -8.67745 3.63253 1  ]
    ObjectInstance "Hoja_A01-a6"
AttributeEnd

AttributeBegin
    Transform [ 0.913617 0.0667789 0.401054 0 0.279796 -0.818957 -0.501023 0 -0.294988 -0.569956 0.766898 0 11.2028 -8.84164 3.65321 1  ]
    ObjectInstance "Hoja_A01-a6"
AttributeEnd

AttributeBegin
    Transform [ 0.858668 -0.30631 0.41093 0 0 -0.801764 -0.597641 0 -0.512532 -0.513175 0.688449 0 11.2471 -8.66041 3.6444 1  ]
    ObjectInstance "Hoja_A01-a6"
AttributeEnd

AttributeBegin
    Transform [ -0.350335 0.857941 -0.37577 0 0.836011 0.105536 -0.538468 0 0.422316 0.502792 0.754221 0 11.3014 -8.72289 3.65564 1  ]
    ObjectInstance "Hoja_A01-a6"
AttributeEnd

AttributeBegin
    Transform [ -0.80305 0.146474 0.57763 0 -0.193157 0.853007 -0.48484 0 0.563738 0.500924 0.656715 0 11.2312 -8.6697 3.68914 1  ]
    ObjectInstance "Hoja_A01-a6"
AttributeEnd

AttributeBegin
    Transform [ -0.860815 -0.471316 -0.191988 0 -0.160436 0.609331 -0.776515 0 -0.482968 0.637634 0.600137 0 11.2682 -8.54065 3.74337 1  ]
    ObjectInstance "Hoja_A01-a6"
AttributeEnd

AttributeBegin
    Transform [ -0.649259 -0.617514 0.444004 0 -0.760415 0.53872 -0.362698 0 0.0152227 0.573112 0.819336 0 11.2216 -8.58463 3.77934 1  ]
    ObjectInstance "Hoja_A01-a6"
AttributeEnd

AttributeBegin
    Transform [ 0.920205 -0.327888 0.213806 0 -0.00365441 -0.55338 -0.832921 0 -0.39142 -0.765676 0.510421 0 10.764 -8.94373 3.62534 1  ]
    ObjectInstance "Hoja_A01-a6"
AttributeEnd

AttributeBegin
    Transform [ 0.938215 -0.0597207 0.340861 0 -1.676e-7 -0.984996 -0.172576 0 -0.346053 -0.161914 0.924138 0 10.6902 -8.74532 3.64291 1  ]
    ObjectInstance "Hoja_A01-a6"
AttributeEnd

AttributeBegin
    Transform [ 0.846431 0.367781 0.385086 0 0.503131 -0.789203 -0.352161 0 -0.174393 -0.491829 0.853049 0 10.7549 -8.86153 3.68795 1  ]
    ObjectInstance "Hoja_A01-a6"
AttributeEnd

AttributeBegin
    Transform [ -0.794381 0.412181 0.446169 0 -0.0770399 0.66023 -0.747102 0 0.602515 0.627856 0.49272 0 10.7122 -8.74523 3.69468 1  ]
    ObjectInstance "Hoja_A01-a6"
AttributeEnd

AttributeBegin
    Transform [ -0.535579 -0.770153 0.346439 0 -0.84161 0.452955 -0.294149 0 -0.0696184 0.449106 0.890762 0 10.6551 -8.72082 3.67939 1  ]
    ObjectInstance "Hoja_A01-a6"
AttributeEnd

AttributeBegin
    Transform [ -0.526654 -0.835297 -0.157843 0 -0.794198 0.549687 -0.259022 0 -0.303125 0.0110565 0.952887 0 10.8637 -8.93337 3.71358 1  ]
    ObjectInstance "Hoja_A01-a6"
AttributeEnd

AttributeBegin
    Transform [ 0.869017 -0.339274 -0.360143 0 -0.493597 -0.544098 -0.678468 0 -0.0342331 -0.767366 0.640295 0 10.8842 -9.09462 3.78326 1  ]
    ObjectInstance "Hoja_A01-a6"
AttributeEnd

AttributeBegin
    Transform [ 0.925598 -0.147991 0.348377 0 0.0962196 -0.798165 -0.594705 0 -0.366073 -0.583979 0.724541 0 11.0089 -9.14768 3.79861 1  ]
    ObjectInstance "Hoja_A01-a6"
AttributeEnd

AttributeBegin
    Transform [ 0.973273 -0.163622 0.161142 0 0 -0.701688 -0.712485 0 -0.22965 -0.693442 0.682934 0 11.0648 -9.04561 4.0532 1  ]
    ObjectInstance "Hoja_A01-a6"
AttributeEnd

AttributeBegin
    Transform [ 0.722 -0.477106 0.501085 0 -1.192e-7 -0.724223 -0.689565 0 -0.691893 -0.497866 0.522889 0 10.9682 -9.13903 4.04959 1  ]
    ObjectInstance "Hoja_A01-a6"
AttributeEnd

AttributeBegin
    Transform [ -0.830016 -0.516802 -0.209736 0 -0.228328 0.657943 -0.717619 0 -0.508862 0.547746 0.664104 0 10.904 -8.59958 3.89175 1  ]
    ObjectInstance "Hoja_A01-a6"
AttributeEnd

AttributeBegin
    Transform [ -0.835679 0.437755 0.331679 0 0.00293303 0.60746 -0.794345 0 0.549211 0.662845 0.508925 0 10.8868 -8.56124 3.96784 1  ]
    ObjectInstance "Hoja_A01-a6"
AttributeEnd

AttributeBegin
    Transform [ 0.221908 0.90734 0.357058 0 0.625019 0.148701 -0.766316 0 0.748404 -0.39322 0.534107 0 10.9772 -8.63947 4.05885 1  ]
    ObjectInstance "Hoja_A01-a6"
AttributeEnd

AttributeBegin
    Transform [ -0.506035 -0.729032 0.460912 0 -0.749502 0.107238 -0.653258 0 -0.426819 0.676026 0.600678 0 10.8764 -8.58423 4.04284 1  ]
    ObjectInstance "Hoja_A01-a6"
AttributeEnd

AttributeBegin
    Transform [ -0.674698 -0.511958 0.531678 0 -0.729348 0.351877 -0.586715 0 -0.113288 0.783634 0.610806 0 10.83 -8.55267 4.04601 1  ]
    ObjectInstance "Hoja_A01-a6"
AttributeEnd

AttributeBegin
    Transform [ 0.627634 0.60938 0.48449 0 0.681791 -0.129828 -0.719934 0 0.375813 -0.782177 0.496954 0 10.9656 -8.54092 4.11375 1  ]
    ObjectInstance "Hoja_A01-a6"
AttributeEnd

AttributeBegin
    Transform [ -0.784377 -0.361253 0.504232 0 -0.500976 0.848285 -0.171565 0 0.365754 0.38718 0.846354 0 10.8706 -8.4747 4.13016 1  ]
    ObjectInstance "Hoja_A01-a6"
AttributeEnd

AttributeBegin
    Transform [ -0.689363 -0.724388 0.00642494 0 -0.579359 0.545978 -0.605187 0 -0.434882 0.420916 0.796058 0 10.8832 -8.36852 4.17022 1  ]
    ObjectInstance "Hoja_A01-a6"
AttributeEnd

AttributeBegin
    Transform [ 0.579594 0.664702 0.471425 0 0.765778 -0.246437 -0.594014 0 0.278666 -0.705294 0.651848 0 10.9921 -8.42825 4.1732 1  ]
    ObjectInstance "Hoja_A01-a6"
AttributeEnd

AttributeBegin
    Transform [ -0.387965 -0.861379 -0.327886 0 -0.892224 0.440209 -0.100754 0 -0.231126 -0.253459 0.939329 0 10.8497 -8.37456 4.15098 1  ]
    ObjectInstance "Hoja_A01-a6"
AttributeEnd

AttributeBegin
    Transform [ -0.708186 0.59773 -0.375754 0 0.695413 0.498614 -0.51748 0 0.121957 0.627776 0.76878 0 10.9581 -8.3594 4.1522 1  ]
    ObjectInstance "Hoja_A01-a6"
AttributeEnd

AttributeBegin
    Transform [ -0.639211 -0.758671 -0.125806 0 -0.329423 0.417946 -0.846641 0 -0.694903 0.499739 0.51708 0 10.7139 -8.70605 4.09552 1  ]
    ObjectInstance "Hoja_A01-a6"
AttributeEnd

AttributeBegin
    Transform [ 0.998774 -0.0353185 0.03468 0 -1.397e-7 -0.700629 -0.713525 0 -0.0494985 -0.712651 0.699771 0 10.7208 -8.75807 4.17485 1  ]
    ObjectInstance "Hoja_A01-a6"
AttributeEnd

AttributeBegin
    Transform [ 0.483036 -0.820504 -0.305694 0 -0.822765 -0.305886 -0.479053 0 -0.299557 -0.482914 0.822836 0 10.6462 -8.84506 4.16787 1  ]
    ObjectInstance "Hoja_A01-a6"
AttributeEnd

AttributeBegin
    Transform [ 0.979051 -0.119587 -0.164798 0 -0.201977 -0.672859 -0.711664 0 0.0257807 -0.730041 0.682917 0 10.692 -8.85706 4.25034 1  ]
    ObjectInstance "Hoja_A01-a6"
AttributeEnd

AttributeBegin
    Transform [ -0.498866 0.824258 -0.267826 0 0.866126 0.48518 -0.120108 0 -0.0309439 0.291889 0.955951 0 10.7655 -8.76554 4.26051 1  ]
    ObjectInstance "Hoja_A01-a6"
AttributeEnd

AttributeBegin
    Transform [ -0.339793 0.926341 0.162582 0 0.917753 0.364372 -0.157992 0 0.205595 -0.0955255 0.973964 0 10.7508 -8.71451 4.23788 1  ]
    ObjectInstance "Hoja_A01-a6"
AttributeEnd

AttributeBegin
    Transform [ -0.965564 -0.236717 -0.107943 0 -0.150195 0.845957 -0.511662 0 -0.212434 0.47783 0.85238 0 10.6797 -8.66857 4.23774 1  ]
    ObjectInstance "Hoja_A01-a6"
AttributeEnd

AttributeBegin
    Transform [ 0.927647 0.0437785 -0.370883 0 0 -0.993105 -0.117225 0 0.373458 -0.108743 0.921251 0 10.681 -8.72732 4.34767 1  ]
    ObjectInstance "Hoja_A01-a6"
AttributeEnd

AttributeBegin
    Transform [ 0.900832 0.312679 -0.30122 0 0 -0.693787 -0.72018 0 0.434167 -0.648762 0.624986 0 10.6042 -8.72833 4.37576 1  ]
    ObjectInstance "Hoja_A01-a6"
AttributeEnd

AttributeBegin
    Transform [ -0.0848206 0.957375 0.276113 0 0.586879 0.271946 -0.762639 0 0.80522 -0.0973573 0.58493 0 11.1055 -8.74947 4.20572 1  ]
    ObjectInstance "Hoja_A01-a6"
AttributeEnd

AttributeBegin
    Transform [ -0.522319 0.819559 -0.235598 0 0.638735 0.192959 -0.744838 0 0.564978 0.539528 0.624267 0 11.0766 -8.78294 4.32583 1  ]
    ObjectInstance "Hoja_A01-a6"
AttributeEnd

AttributeBegin
    Transform [ -0.920765 -0.255013 -0.295228 0 -0.00109614 0.758456 -0.651724 0 -0.390116 0.599761 0.698639 0 11.0686 -8.68227 4.3152 1  ]
    ObjectInstance "Hoja_A01-a6"
AttributeEnd

AttributeBegin
    Transform [ 0.436627 0.879067 0.191308 0 0.807673 -0.289361 -0.513745 0 0.39626 -0.378829 0.836341 0 11.1346 -8.76357 4.30951 1  ]
    ObjectInstance "Hoja_A01-a6"
AttributeEnd

AttributeBegin
    Transform [ -0.61334 -0.784478 -0.0916908 0 -0.687684 0.587514 -0.426517 0 -0.388463 0.198546 0.89982 0 10.9578 -8.72091 4.32916 1  ]
    ObjectInstance "Hoja_A01-a6"
AttributeEnd

AttributeBegin
    Transform [ 0.196426 0.980296 -0.0209101 0 0.661193 -0.148173 -0.735437 0 0.724044 -0.130633 0.67727 0 11.1284 -8.82276 4.34964 1  ]
    ObjectInstance "Hoja_A01-a6"
AttributeEnd

AttributeBegin
    Transform [ 0.714574 0.698721 -0.0342488 0 0.647759 -0.679355 -0.344798 0 0.264185 -0.224198 0.938052 0 10.907 -8.74045 4.40113 1  ]
    ObjectInstance "Hoja_A01-a6"
AttributeEnd

AttributeBegin
    Transform [ -0.512288 0.637673 0.575268 0 0.461704 0.7693 -0.441597 0 0.724148 -0.0393787 0.688519 0 10.8974 -8.55939 4.35576 1  ]
    ObjectInstance "Hoja_A01-a6"
AttributeEnd

AttributeBegin
    Transform [ -0.684111 -0.171423 0.708947 0 -0.471741 0.845312 -0.250818 0 0.556285 0.506026 0.659154 0 10.8354 -8.5485 4.38359 1  ]
    ObjectInstance "Hoja_A01-a6"
AttributeEnd

AttributeBegin
    Transform [ -0.648084 -0.691889 0.31824 0 -0.613112 0.226134 -0.756939 0 -0.451753 0.685677 0.57076 0 10.7219 -8.6426 4.4227 1  ]
    ObjectInstance "Hoja_A01-a6"
AttributeEnd

AttributeBegin
    Transform [ -0.654152 -0.75617 0.0170917 0 -0.304525 0.242621 -0.921086 0 -0.692351 0.607735 0.388984 0 10.7407 -8.53873 4.40424 1  ]
    ObjectInstance "Hoja_A01-a6"
AttributeEnd

AttributeBegin
    Transform [ -0.450756 0.876163 0.170758 0 0.820228 0.482014 -0.308039 0 0.3522 -0.00121003 0.935924 0 10.8738 -8.52202 4.47251 1  ]
    ObjectInstance "Hoja_A01-a6"
AttributeEnd

AttributeBegin
    Transform [ -0.93777 -0.0105756 0.347097 0 -0.28348 0.60062 -0.747593 0 0.200567 0.799465 0.566241 0 10.7333 -8.46536 4.56106 1  ]
    ObjectInstance "Hoja_A01-a6"
AttributeEnd

AttributeBegin
    Transform [ -0.86278 0.404315 0.303544 0 0.0257802 0.634791 -0.772253 0 0.504921 0.65846 0.558109 0 10.7479 -8.34263 4.60125 1  ]
    ObjectInstance "Hoja_A01-a6"
AttributeEnd

AttributeBegin
    Transform [ -0.978936 -0.193843 -0.0640963 0 -0.0476732 0.522294 -0.851432 0 -0.198521 0.830442 0.520533 0 10.7348 -8.32786 4.56466 1  ]
    ObjectInstance "Hoja_A01-a6"
AttributeEnd

AttributeBegin
    Transform [ 0.629057 0.44913 0.634484 0 0.731938 -0.617123 -0.288836 0 -0.26183 -0.646097 0.716941 0 10.9519 -8.94167 4.63453 1  ]
    ObjectInstance "Hoja_A01-a6"
AttributeEnd

AttributeBegin
    Transform [ -0.884904 0.390476 -0.253915 0 0.427229 0.463318 -0.776409 0 0.185526 0.795528 0.576815 0 11.0091 -8.62088 4.58893 1  ]
    ObjectInstance "Hoja_A01-a6"
AttributeEnd

AttributeBegin
    Transform [ -0.894218 -0.233036 0.382189 0 -0.435874 0.258903 -0.861964 0 -0.101919 0.937371 0.33309 0 10.8771 -8.59851 4.64343 1  ]
    ObjectInstance "Hoja_A01-a6"
AttributeEnd

AttributeBegin
    Transform [ 0.991503 0.0232713 -0.127985 0 0 -0.983868 -0.178894 0 0.130084 -0.177374 0.975508 0 10.9926 -8.62275 4.66976 1  ]
    ObjectInstance "Hoja_A01-a6"
AttributeEnd

AttributeBegin
    Transform [ 0.630897 -0.722336 -0.283195 0 -0.747052 -0.467004 -0.473097 0 -0.209482 -0.510037 0.834254 0 10.933 -8.70025 4.68465 1  ]
    ObjectInstance "Hoja_A01-a6"
AttributeEnd

AttributeBegin
    Transform [ -0.504414 0.770905 0.388937 0 0.524807 0.631407 -0.570879 0 0.685671 0.0838423 0.723067 0 11.0365 -8.53302 4.65766 1  ]
    ObjectInstance "Hoja_A01-a6"
AttributeEnd

AttributeBegin
    Transform [ -0.244371 -0.643364 0.72551 0 -0.965192 0.0894705 -0.245761 0 -0.0932023 0.760314 0.642834 0 10.8997 -8.61776 4.72761 1  ]
    ObjectInstance "Hoja_A01-a6"
AttributeEnd

AttributeBegin
    Transform [ -0.843102 0.143402 0.518281 0 -0.0109252 0.959022 -0.283122 0 0.537643 0.244363 0.806986 0 11.0733 -8.4614 4.79665 1  ]
    ObjectInstance "Hoja_A01-a6"
AttributeEnd

AttributeBegin
    Transform [ 0.994994 -0.0188976 0.0981362 0 -1.881e-7 -0.98196 -0.189089 0 -0.0999391 -0.188143 0.977044 0 11.0851 -8.58379 4.82074 1  ]
    ObjectInstance "Hoja_A01-a6"
AttributeEnd

AttributeBegin
    Transform [ -0.778215 0.554754 0.294328 0 -0.00629465 0.461763 -0.886981 0 0.627966 0.692115 0.355859 0 11.0909 -8.43632 4.75518 1  ]
    ObjectInstance "Hoja_A01-a6"
AttributeEnd

AttributeBegin
    Transform [ 0.948023 -0.123289 0.293346 0 -1.267e-7 -0.921888 -0.387456 0 -0.318201 -0.367318 0.873971 0 11.1516 -8.46759 4.78593 1  ]
    ObjectInstance "Hoja_A01-a6"
AttributeEnd

AttributeBegin
    Transform [ -0.840768 -0.514473 -0.168604 0 -0.200904 0.58567 -0.785256 0 -0.50274 0.626345 0.595773 0 10.8599 -8.66303 4.66619 1  ]
    ObjectInstance "Hoja_A01-a6"
AttributeEnd

AttributeBegin
    Transform [ 0.853011 -0.351562 -0.385716 0 -0.511456 -0.710189 -0.483782 0 0.103851 -0.609948 0.785607 0 10.8425 -8.77493 4.67732 1  ]
    ObjectInstance "Hoja_A01-a6"
AttributeEnd

AttributeBegin
    Transform [ -0.388492 -0.87067 -0.301674 0 -0.80984 0.478801 -0.338981 0 -0.439582 -0.112617 0.891114 0 9.9652 -8.74813 2.79728 1  ]
    ObjectInstance "Hoja_A01-a6"
AttributeEnd

AttributeBegin
    Transform [ -0.115903 0.927128 -0.35637 0 0.910102 -0.0445825 -0.411979 0 0.397845 0.372083 0.838614 0 9.96209 -8.71889 2.8551 1  ]
    ObjectInstance "Hoja_A01-a6"
AttributeEnd

AttributeBegin
    Transform [ 0.0861069 -0.984446 -0.153138 0 -0.775864 0.0301665 -0.630179 0 -0.624996 -0.173077 0.761199 0 9.78393 -8.69468 2.82388 1  ]
    ObjectInstance "Hoja_A01-a6"
AttributeEnd

AttributeBegin
    Transform [ -0.421352 0.875376 0.237022 0 0.365754 0.403183 -0.838849 0 0.829871 0.266759 0.490054 0 10.0218 -8.51628 2.38573 1  ]
    ObjectInstance "Hoja_A01-a6"
AttributeEnd

AttributeBegin
    Transform [ -0.86124 -0.506279 0.0441254 0 -0.503945 0.839597 -0.20277 0 -0.0656108 0.196871 0.978232 0 9.85441 -8.42525 2.32085 1  ]
    ObjectInstance "Hoja_A01-a6"
AttributeEnd

AttributeBegin
    Transform [ -0.610858 -0.662469 -0.433574 0 -0.663914 0.726958 -0.175356 0 -0.431358 -0.180738 0.883891 0 11.2822 -3.93452 9.26611 1  ]
    ObjectInstance "Hoja_A01-a6"
AttributeEnd

AttributeBegin
    Transform [ 0.65533 -0.0982179 0.74893 0 0 -0.99151 -0.130031 0 -0.755342 -0.0852131 0.649767 0 11.3255 -3.93047 9.22693 1  ]
    ObjectInstance "Hoja_A01-a6"
AttributeEnd

AttributeBegin
    Transform [ 0.829717 0.546877 -0.111786 0 0.531219 -0.83513 -0.142703 0 0.171397 -0.0590202 0.983433 0 11.4297 -4.07175 9.26253 1  ]
    ObjectInstance "Hoja_A01-a6"
AttributeEnd

AttributeBegin
    Transform [ 0.847484 -0.394378 0.355298 0 0 -0.669338 -0.742958 0 -0.530821 -0.629645 0.567253 0 9.75255 -8.63126 2.63587 1  ]
    ObjectInstance "Hoja_A01-a6"
AttributeEnd

AttributeBegin
    Transform [ 0.882796 -0.430112 -0.188876 0 -0.360163 -0.361591 -0.859962 0 -0.301584 -0.827197 0.474122 0 9.49332 -8.6905 2.60909 1  ]
    ObjectInstance "Hoja_A01-a6"
AttributeEnd

AttributeBegin
    Transform [ 0.569462 -0.795561 0.206872 0 -0.49454 -0.532597 -0.686856 0 -0.656615 -0.288832 0.69673 0 9.29506 -8.64977 2.61961 1  ]
    ObjectInstance "Hoja_A01-a6"
AttributeEnd

AttributeBegin
    Transform [ -0.788116 -0.529896 0.313183 0 -0.531222 0.32853 -0.780943 0 -0.310929 0.781843 0.540412 0 11.3402 -3.98554 9.24894 1  ]
    ObjectInstance "Hoja_A01-a6"
AttributeEnd

AttributeBegin
    Transform [ -0.690755 0.631353 -0.352493 0 0.714583 0.670577 -0.19924 0 -0.110583 0.389512 0.914359 0 9.86446 -8.28499 2.63599 1  ]
    ObjectInstance "Hoja_A01-a6"
AttributeEnd

AttributeBegin
    Transform [ 0.453642 0.718151 0.527702 0 0.888478 -0.410568 -0.205042 0 -0.0694064 -0.561866 0.824311 0 11.4934 -4.11115 9.37048 1  ]
    ObjectInstance "Hoja_A01-a6"
AttributeEnd

AttributeBegin
    Transform [ 0.505923 -0.763653 -0.401093 0 -0.780989 -0.208129 -0.588845 0 -0.366194 -0.61116 0.701702 0 11.3426 -4.13053 9.29901 1  ]
    ObjectInstance "Hoja_A01-a6"
AttributeEnd

AttributeBegin
    Transform [ -0.905714 0.269598 0.327106 0 -0.0220443 0.740678 -0.671498 0 0.423315 0.615396 0.6649 0 11.3639 -3.98701 9.24904 1  ]
    ObjectInstance "Hoja_A01-a6"
AttributeEnd

AttributeBegin
    Transform [ -0.855289 0.188595 0.48261 0 -0.00926642 0.925692 -0.378165 0 0.518068 0.327912 0.789987 0 9.73102 -8.20547 2.62491 1  ]
    ObjectInstance "Hoja_A01-a6"
AttributeEnd

AttributeBegin
    Transform [ 0.402179 -0.872426 -0.277713 0 -0.885044 -0.292796 -0.361896 0 -0.234414 -0.391335 0.889891 0 11.3089 -4.07444 9.2297 1  ]
    ObjectInstance "Hoja_A01-a6"
AttributeEnd

AttributeBegin
    Transform [ 0.98073 0.102794 -0.16614 0 0 -0.85039 -0.526154 0 0.195369 -0.516015 0.834002 0 9.3442 -8.36648 2.52433 1  ]
    ObjectInstance "Hoja_A01-a6"
AttributeEnd

AttributeBegin
    Transform [ -0.655029 -0.686426 -0.315841 0 -0.604635 0.726855 -0.325729 0 -0.45316 0.0223939 0.891148 0 9.4 -8.25071 2.46252 1  ]
    ObjectInstance "Hoja_A01-a6"
AttributeEnd

AttributeBegin
    Transform [ -0.907521 -0.205944 0.36605 0 -0.412869 0.597415 -0.687484 0 0.0771009 0.775037 0.627195 0 11.3257 -4.01425 9.09101 1  ]
    ObjectInstance "Hoja_A01-a6"
AttributeEnd

AttributeBegin
    Transform [ 0.841787 -0.236564 -0.485214 0 -0.363321 -0.913082 -0.185148 0 0.399241 -0.332143 0.854569 0 11.4661 -4.25578 9.13419 1  ]
    ObjectInstance "Hoja_A01-a6"
AttributeEnd

AttributeBegin
    Transform [ 0.868238 -0.0147135 0.49593 0 -1.453e-7 -0.99956 -0.0296553 0 -0.496148 -0.0257478 0.867856 0 9.33172 -8.35539 2.47955 1  ]
    ObjectInstance "Hoja_A01-a6"
AttributeEnd

AttributeBegin
    Transform [ 0.978668 -0.0563292 0.197573 0 -2.123e-7 -0.961679 -0.274179 0 -0.205446 -0.26833 0.941165 0 9.25001 -8.27255 2.40517 1  ]
    ObjectInstance "Hoja_A01-a6"
AttributeEnd

AttributeBegin
    Transform [ -0.00486083 0.924469 -0.381226 0 0.857276 -0.19242 -0.477548 0 0.514834 0.329137 0.79159 0 11.5503 -4.20292 9.09168 1  ]
    ObjectInstance "Hoja_A01-a6"
AttributeEnd

AttributeBegin
    Transform [ -0.864548 -0.294408 0.407285 0 -0.501084 0.443129 -0.743338 0 -0.0383643 0.846735 0.530629 0 9.31206 -8.29499 2.70962 1  ]
    ObjectInstance "Hoja_A01-a6"
AttributeEnd

AttributeBegin
    Transform [ 0.807328 -0.119906 0.577793 0 -1.788e-7 -0.979138 -0.203194 0 -0.590103 -0.164044 0.790486 0 11.304 -4.16995 9.19369 1  ]
    ObjectInstance "Hoja_A01-a6"
AttributeEnd

AttributeBegin
    Transform [ -0.362859 -0.899525 0.243288 0 -0.67865 0.0761868 -0.7305 0 -0.638568 0.430176 0.638107 0 9.14559 -8.30025 2.83181 1  ]
    ObjectInstance "Hoja_A01-a6"
AttributeEnd

AttributeBegin
    Transform [ 0.180043 0.982759 -0.0420651 0 0.579167 -0.140476 -0.803015 0 0.795079 -0.120214 0.594473 0 11.3362 -4.14461 9.20758 1  ]
    ObjectInstance "Hoja_A01-a6"
AttributeEnd

AttributeBegin
    Transform [ 0.429115 -0.825034 0.367667 0 -0.596281 -0.564498 -0.57078 0 -0.678461 -0.0256974 0.734187 0 11.2417 -4.25945 9.15754 1  ]
    ObjectInstance "Hoja_A01-a6"
AttributeEnd

AttributeBegin
    Transform [ -0.355629 -0.863614 0.357349 0 -0.822329 0.107414 -0.558781 0 -0.444187 0.492578 0.748375 0 11.234 -4.20681 9.12663 1  ]
    ObjectInstance "Hoja_A01-a6"
AttributeEnd

AttributeBegin
    Transform [ -0.631739 -0.764904 0.125807 0 -0.736413 0.541506 -0.405545 0 -0.242078 0.348844 0.905377 0 9.24817 -8.06262 2.53924 1  ]
    ObjectInstance "Hoja_A01-a6"
AttributeEnd

AttributeBegin
    Transform [ 0.465627 0.787456 0.403861 0 0.884742 -0.424801 -0.19177 0 -0.0205496 -0.446606 0.894495 0 11.672 -4.44065 9.17065 1  ]
    ObjectInstance "Hoja_A01-a6"
AttributeEnd

AttributeBegin
    Transform [ -0.711006 -0.130208 0.691026 0 -0.505665 0.777559 -0.373772 0 0.488645 0.615181 0.61869 0 9.27468 -7.92032 2.49888 1  ]
    ObjectInstance "Hoja_A01-a6"
AttributeEnd

AttributeBegin
    Transform [ 0.161818 0.906282 0.390471 0 0.546329 0.247239 -0.800248 0 0.82179 -0.34282 0.455121 0 9.37017 -7.9411 2.50431 1  ]
    ObjectInstance "Hoja_A01-a6"
AttributeEnd

AttributeBegin
    Transform [ -0.924422 -0.334812 0.182605 0 -0.3551 0.581027 -0.732334 0 -0.139096 0.741829 0.656005 0 9.26213 -7.92449 2.46793 1  ]
    ObjectInstance "Hoja_A01-a6"
AttributeEnd

AttributeBegin
    Transform [ -0.421214 0.784077 0.455853 0 0.575648 0.619523 -0.533686 0 0.700862 -0.0376147 0.712304 0 9.3406 -7.92389 2.47161 1  ]
    ObjectInstance "Hoja_A01-a6"
AttributeEnd

AttributeBegin
    Transform [ -0.467895 0.852464 -0.233196 0 0.669842 0.169934 -0.722796 0 0.57653 0.494397 0.650527 0 11.6881 -4.38601 9.14768 1  ]
    ObjectInstance "Hoja_A01-a6"
AttributeEnd

AttributeBegin
    Transform [ -0.317935 -0.802182 0.505392 0 -0.805664 -0.0524283 -0.590049 0 -0.499823 0.594773 0.62962 0 8.91691 -8.10806 2.65349 1  ]
    ObjectInstance "Hoja_A01-a6"
AttributeEnd

AttributeBegin
    Transform [ -0.383707 -0.90655 -0.175885 0 -0.470942 0.355935 -0.80717 0 -0.794344 0.226886 0.563507 0 11.49 -4.42848 9.1069 1  ]
    ObjectInstance "Hoja_A01-a6"
AttributeEnd

AttributeBegin
    Transform [ -0.660687 0.440807 0.607604 0 0.00263327 0.81078 -0.585345 0 0.750657 0.38513 0.536833 0 9.11953 -8.11513 2.47134 1  ]
    ObjectInstance "Hoja_A01-a6"
AttributeEnd

AttributeBegin
    Transform [ 0.875251 -0.0658435 0.479166 0 -1.863e-7 -0.990691 -0.136133 0 -0.483669 -0.119151 0.867103 0 11.5326 -4.61758 9.11133 1  ]
    ObjectInstance "Hoja_A01-a6"
AttributeEnd

AttributeBegin
    Transform [ -0.737459 0.674501 -0.034671 0 0.460339 0.464417 -0.756574 0 0.494208 0.573903 0.652988 0 11.5649 -4.48845 9.03421 1  ]
    ObjectInstance "Hoja_A01-a6"
AttributeEnd

AttributeBegin
    Transform [ 0.794999 -0.605981 -0.0276106 0 -0.433167 -0.535239 -0.725179 0 -0.424667 -0.588477 0.688006 0 11.2246 -4.71802 8.93682 1  ]
    ObjectInstance "Hoja_A01-a6"
AttributeEnd

AttributeBegin
    Transform [ -0.49946 -0.845572 0.18854 0 -0.458823 0.0735787 -0.885476 0 -0.734862 0.528766 0.424717 0 11.2704 -4.68972 8.92161 1  ]
    ObjectInstance "Hoja_A01-a6"
AttributeEnd

AttributeBegin
    Transform [ 0.935 -0.351586 0.0464961 0 -0.0134751 -0.16623 -0.985995 0 -0.354391 -0.921279 0.160163 0 10.2026 -9.5906 3.22427 1  ]
    ObjectInstance "Hoja_A01-a6"
AttributeEnd

AttributeBegin
    Transform [ 0.694167 0.708668 -0.126182 0 0.519856 -0.61482 -0.593082 0 0.497877 -0.346101 0.795193 0 10.2503 -9.59088 3.25902 1  ]
    ObjectInstance "Hoja_A01-a6"
AttributeEnd

AttributeBegin
    Transform [ 0.339447 -0.887476 0.311709 0 -0.280149 -0.411732 -0.867175 0 -0.897938 -0.207035 0.388387 0 10.0956 -9.68683 3.2901 1  ]
    ObjectInstance "Hoja_A01-a6"
AttributeEnd

AttributeBegin
    Transform [ 0.925911 -0.190937 0.325932 0 -2.682e-7 -0.862845 -0.505469 0 -0.377742 -0.46802 0.798917 0 10.4058 -9.17815 3.63506 1  ]
    ObjectInstance "Hoja_A01-a6"
AttributeEnd

AttributeBegin
    Transform [ -0.545974 0.79696 -0.258394 0 0.821376 0.448402 -0.35253 0 0.165088 0.404711 0.899419 0 10.3732 -9.2093 3.67478 1  ]
    ObjectInstance "Hoja_A01-a6"
AttributeEnd

AttributeBegin
    Transform [ -0.350509 -0.66359 0.660902 0 -0.922749 0.123949 -0.364927 0 -0.160243 0.737757 0.655772 0 10.2545 -9.23171 3.69034 1  ]
    ObjectInstance "Hoja_A01-a6"
AttributeEnd

AttributeBegin
    Transform [ 0.0479586 0.993949 0.0988187 0 0.73037 0.0325911 -0.682274 0 0.681366 -0.104895 0.724388 0 10.4908 -9.21507 3.97677 1  ]
    ObjectInstance "Hoja_A01-a6"
AttributeEnd

AttributeBegin
    Transform [ 0.153802 -0.92561 0.345819 0 -0.978834 -0.190547 -0.0746791 0 -0.135018 0.327013 0.935325 0 9.96376 -9.3233 3.52129 1  ]
    ObjectInstance "Hoja_A01-a6"
AttributeEnd

AttributeBegin
    Transform [ 0.269473 0.921343 0.280199 0 0.792644 -0.0469643 -0.607873 0 0.5469 -0.385904 0.742953 0 9.98626 -9.31791 3.67776 1  ]
    ObjectInstance "Hoja_A01-a6"
AttributeEnd

AttributeBegin
    Transform [ 0.946775 -0.29688 -0.124421 0 -0.313621 -0.763652 -0.564339 0 -0.0725267 -0.573322 0.816113 0 10.0941 -9.70124 3.63358 1  ]
    ObjectInstance "Hoja_A01-a6"
AttributeEnd

AttributeBegin
    Transform [ 0.87672 -0.20051 0.437215 0 -0.117767 -0.970786 -0.209057 0 -0.46636 -0.131795 0.874722 0 10.1033 -9.72081 3.67408 1  ]
    ObjectInstance "Hoja_A01-a6"
AttributeEnd

AttributeBegin
    Transform [ -0.923687 0.0294562 0.382013 0 -0.0738928 0.964627 -0.253049 0 0.375954 0.261966 0.888838 0 10.0946 -9.64784 3.77665 1  ]
    ObjectInstance "Hoja_A01-a6"
AttributeEnd

AttributeBegin
    Transform [ -0.723573 0.658134 -0.208092 0 0.489508 0.276718 -0.826928 0 0.486646 0.700205 0.522387 0 10.2038 -9.31246 3.87788 1  ]
    ObjectInstance "Hoja_A01-a6"
AttributeEnd

AttributeBegin
    Transform [ 0.983821 -0.13767 0.114645 0 0.0281452 -0.513206 -0.857804 0 -0.17693 -0.847152 0.501028 0 10.0788 -9.43068 4.01915 1  ]
    ObjectInstance "Hoja_A01-a6"
AttributeEnd

AttributeBegin
    Transform [ 0.787805 -0.479907 0.386074 0 0.0494766 -0.575486 -0.816314 0 -0.613935 -0.662198 0.429626 0 9.93799 -9.71783 3.93978 1  ]
    ObjectInstance "Hoja_A01-a6"
AttributeEnd

AttributeBegin
    Transform [ 0.0981568 0.932812 0.346738 0 0.70489 0.180781 -0.685892 0 0.702492 -0.311737 0.639785 0 11.8801 -4.72774 8.75449 1  ]
    ObjectInstance "Hoja_A01-a6"
AttributeEnd

AttributeBegin
    Transform [ -0.8888 0.152644 0.432127 0 -0.013708 0.933626 -0.357987 0 0.45809 0.324103 0.827714 0 9.79813 -9.51638 4.59692 1  ]
    ObjectInstance "Hoja_A01-a6"
AttributeEnd

AttributeBegin
    Transform [ -0.427766 -0.82792 0.362717 0 -0.654159 0.00663567 -0.756328 0 -0.623773 0.560806 0.54443 0 9.62754 -9.68478 4.48517 1  ]
    ObjectInstance "Hoja_A01-a6"
AttributeEnd

AttributeBegin
    Transform [ 0.112018 -0.9769 -0.181988 0 -0.853184 -0.000660226 -0.52161 0 -0.50944 -0.213699 0.833549 0 9.40948 -9.71569 4.62578 1  ]
    ObjectInstance "Hoja_A01-a6"
AttributeEnd

AttributeBegin
    Transform [ 0.941556 0.27485 -0.194756 0 -0.0323114 -0.5018 -0.86438 0 0.335303 -0.820155 0.463593 0 9.71841 -9.87228 4.63758 1  ]
    ObjectInstance "Hoja_A01-a6"
AttributeEnd

AttributeBegin
    Transform [ 0.54698 0.83687 -0.0214594 0 0.719921 -0.483315 -0.498117 0 0.427231 -0.257011 0.866845 0 10.3777 -8.56132 3.67436 1  ]
    ObjectInstance "Hoja_A01-a6"
AttributeEnd

AttributeBegin
    Transform [ -0.978578 -0.0961858 -0.182025 0 0.0291798 0.810424 -0.585116 0 -0.203798 0.577893 0.790257 0 10.3998 -8.44066 3.76002 1  ]
    ObjectInstance "Hoja_A01-a6"
AttributeEnd

AttributeBegin
    Transform [ 0.936749 0.157175 0.312727 0 0.348314 -0.506315 -0.788875 0 -0.0343466 -0.847904 0.529036 0 11.8464 -4.79468 8.74474 1  ]
    ObjectInstance "Hoja_A01-a6"
AttributeEnd

AttributeBegin
    Transform [ -0.425448 -0.799931 0.423206 0 -0.805622 0.121737 -0.579787 0 -0.41227 0.587614 0.696235 0 10.4104 -8.44919 4.02753 1  ]
    ObjectInstance "Hoja_A01-a6"
AttributeEnd

AttributeBegin
    Transform [ -0.923046 -0.16167 -0.349067 0 0.0855873 0.798352 -0.596077 0 -0.375047 0.580083 0.72308 0 11.6839 -4.69081 8.80597 1  ]
    ObjectInstance "Hoja_A01-a6"
AttributeEnd

AttributeBegin
    Transform [ 0.997773 -0.0406984 0.0528442 0 0 -0.792269 -0.610172 0 -0.0666998 -0.608813 0.790505 0 11.7438 -4.81226 8.85781 1  ]
    ObjectInstance "Hoja_A01-a6"
AttributeEnd

AttributeBegin
    Transform [ -0.985204 0.00883402 -0.171156 0 0.0994849 0.842671 -0.529158 0 -0.139554 0.538356 0.831082 0 10.2565 -7.9349 3.5635 1  ]
    ObjectInstance "Hoja_A01-a6"
AttributeEnd

AttributeBegin
    Transform [ -0.899082 0.0417346 0.435786 0 -0.234271 0.795052 -0.559472 0 0.369822 0.605104 0.70504 0 10.2341 -7.92684 3.60447 1  ]
    ObjectInstance "Hoja_A01-a6"
AttributeEnd

AttributeBegin
    Transform [ 0.997197 -0.00708689 0.0744882 0 0 -0.995505 -0.0947122 0 -0.0748246 -0.0944467 0.992714 0 10.167 -7.9307 3.61961 1  ]
    ObjectInstance "Hoja_A01-a6"
AttributeEnd

AttributeBegin
    Transform [ -0.787731 -0.614722 -0.0399555 0 -0.378865 0.534595 -0.755427 0 -0.485737 0.579936 0.654013 0 10.1343 -7.93502 3.6011 1  ]
    ObjectInstance "Hoja_A01-a6"
AttributeEnd

AttributeBegin
    Transform [ -0.946272 0.302393 0.114574 0 0.282252 0.94527 -0.163701 0 0.157805 0.122567 0.979834 0 10.2188 -7.82121 3.61509 1  ]
    ObjectInstance "Hoja_A01-a6"
AttributeEnd

AttributeBegin
    Transform [ -0.548999 0.83571 -0.0137182 0 0.263192 0.157273 -0.951838 0 0.793303 0.526169 0.306295 0 10.3243 -7.69468 3.49126 1  ]
    ObjectInstance "Hoja_A01-a6"
AttributeEnd

AttributeBegin
    Transform [ -0.51477 0.735011 0.441328 0 0.144819 0.581922 -0.800246 0 0.845008 0.34803 0.406 0 10.252 -7.64793 3.51486 1  ]
    ObjectInstance "Hoja_A01-a6"
AttributeEnd

AttributeBegin
    Transform [ -0.939667 0.338612 -0.048673 0 0.313394 0.795035 -0.519329 0 0.137154 0.50325 0.853187 0 11.5699 -4.76837 8.84864 1  ]
    ObjectInstance "Hoja_A01-a6"
AttributeEnd

AttributeBegin
    Transform [ 0.548432 0.796381 -0.254953 0 0.631632 -0.594341 -0.497795 0 0.547963 -0.11197 0.828975 0 11.2194 -4.0338 8.88159 1  ]
    ObjectInstance "Hoja_A01-a6"
AttributeEnd

AttributeBegin
    Transform [ -0.170585 -0.922724 0.345661 0 -0.469277 -0.232384 -0.851926 0 -0.866418 0.307536 0.393371 0 9.9324 -8.23133 3.93056 1  ]
    ObjectInstance "Hoja_A01-a6"
AttributeEnd

AttributeBegin
    Transform [ 0.794365 -0.599694 0.0967009 0 -0.335866 -0.566265 -0.752687 0 -0.50614 -0.56543 0.651238 0 11.0984 -4.09134 8.84795 1  ]
    ObjectInstance "Hoja_A01-a6"
AttributeEnd

AttributeBegin
    Transform [ -0.658794 -0.749521 0.0648796 0 -0.69235 0.570276 -0.442083 0 -0.294351 0.336161 0.894625 0 11.0851 -3.99505 8.83551 1  ]
    ObjectInstance "Hoja_A01-a6"
AttributeEnd

AttributeBegin
    Transform [ 0.962213 0.161556 -0.219195 0 -1.49e-7 -0.804979 -0.593303 0 0.272299 -0.570884 0.774561 0 9.92037 -8.1344 4.0555 1  ]
    ObjectInstance "Hoja_A01-a6"
AttributeEnd

AttributeBegin
    Transform [ -0.842452 0.203304 0.498942 0 -0.20763 0.732031 -0.64886 0 0.497157 0.650229 0.574489 0 11.3442 -3.83241 8.8477 1  ]
    ObjectInstance "Hoja_A01-a6"
AttributeEnd

AttributeBegin
    Transform [ 0.944873 -0.0276022 0.326271 0 0 -0.996441 -0.0842975 0 -0.327437 -0.0796504 0.94151 0 11.3149 -3.8635 8.87543 1  ]
    ObjectInstance "Hoja_A01-a6"
AttributeEnd

AttributeBegin
    Transform [ -0.971164 0.113324 -0.209759 0 0.226759 0.71077 -0.665873 0 -0.0736309 0.694236 0.715971 0 10.3748 -7.90428 4.00944 1  ]
    ObjectInstance "Hoja_A01-a6"
AttributeEnd

AttributeBegin
    Transform [ 0.889954 -0.0877276 0.447532 0 0 -0.981324 -0.192364 0 -0.456049 -0.171195 0.873333 0 10.4885 -7.92204 4.084 1  ]
    ObjectInstance "Hoja_A01-a6"
AttributeEnd

AttributeBegin
    Transform [ 0.999195 0.0270304 0.0296516 0 0.0389951 -0.828223 -0.55904 0 -0.00944709 -0.559746 0.828611 0 10.4098 -7.99278 4.1107 1  ]
    ObjectInstance "Hoja_A01-a6"
AttributeEnd

AttributeBegin
    Transform [ -0.0885093 0.94578 0.312516 0 0.576426 0.304508 -0.758293 0 0.812342 -0.113027 0.572124 0 10.483 -7.8268 4.09527 1  ]
    ObjectInstance "Hoja_A01-a6"
AttributeEnd

AttributeBegin
    Transform [ -0.924541 0.222107 0.309665 0 -0.222512 0.345055 -0.911826 0 0.309374 0.911924 0.269596 0 10.0347 -7.72782 3.91266 1  ]
    ObjectInstance "Hoja_A01-a6"
AttributeEnd

AttributeBegin
    Transform [ 0.63448 -0.68711 0.353999 0 -0.395714 -0.682176 -0.614854 0 -0.663963 -0.250031 0.704726 0 10.024 -7.897 3.94844 1  ]
    ObjectInstance "Hoja_A01-a6"
AttributeEnd

AttributeBegin
    Transform [ -0.851768 0.497115 0.165432 0 0.354127 0.778979 -0.51748 0 0.386115 0.382189 0.839552 0 10.1168 -7.69044 3.97725 1  ]
    ObjectInstance "Hoja_A01-a6"
AttributeEnd

AttributeBegin
    Transform [ -0.822839 -0.547318 -0.152904 0 -0.045053 0.331049 -0.942537 0 -0.566486 0.768668 0.297058 0 10.0157 -7.61516 3.94729 1  ]
    ObjectInstance "Hoja_A01-a6"
AttributeEnd

AttributeBegin
    Transform [ 0.800061 -0.358036 0.481365 0 -0.299285 -0.93361 -0.196981 0 -0.519933 -0.0135314 0.8541 0 9.92789 -7.75509 4.00418 1  ]
    ObjectInstance "Hoja_A01-a6"
AttributeEnd

AttributeBegin
    Transform [ -0.70276 0.605648 0.373255 0 0.0409936 0.558258 -0.828654 0 0.710245 0.567044 0.417149 0 9.98652 -7.60079 4.0154 1  ]
    ObjectInstance "Hoja_A01-a6"
AttributeEnd

AttributeBegin
    Transform [ -0.191934 -0.980561 -0.0407654 0 -0.607879 0.151391 -0.779464 0 -0.770484 0.124825 0.625119 0 9.82601 -7.55509 4.03454 1  ]
    ObjectInstance "Hoja_A01-a6"
AttributeEnd

AttributeBegin
    Transform [ 0.722277 -0.667424 -0.181278 0 -0.654343 -0.574597 -0.491603 0 -0.223946 -0.473691 0.851743 0 9.82555 -7.63696 4.04246 1  ]
    ObjectInstance "Hoja_A01-a6"
AttributeEnd

AttributeBegin
    Transform [ 0.508147 0.808425 -0.297046 0 0.562312 -0.572647 -0.596557 0 0.652374 -0.136106 0.745576 0 10.1231 -7.89976 4.23551 1  ]
    ObjectInstance "Hoja_A01-a6"
AttributeEnd

AttributeBegin
    Transform [ -0.573742 -0.734034 0.363337 0 -0.772995 0.338653 -0.536464 0 -0.270738 0.58865 0.761704 0 10.0018 -7.87873 4.28937 1  ]
    ObjectInstance "Hoja_A01-a6"
AttributeEnd

AttributeBegin
    Transform [ 0.847803 -0.253643 0.465721 0 0 -0.878202 -0.47829 0 -0.530312 -0.405496 0.744542 0 10.2746 -7.52055 4.27168 1  ]
    ObjectInstance "Hoja_A01-a6"
AttributeEnd

AttributeBegin
    Transform [ -0.898762 0.374889 0.227344 0 0.108764 0.692966 -0.712719 0 0.424733 0.615838 0.663586 0 10.2269 -7.37919 4.27809 1  ]
    ObjectInstance "Hoja_A01-a6"
AttributeEnd

AttributeBegin
    Transform [ -0.282812 -0.940384 0.188933 0 -0.568658 0.00575907 -0.822554 0 -0.772428 0.340067 0.536386 0 10.1943 -7.33602 4.38141 1  ]
    ObjectInstance "Hoja_A01-a6"
AttributeEnd

AttributeBegin
    Transform [ -0.824703 -0.562385 0.0599056 0 -0.355626 0.433291 -0.828124 0 -0.439768 0.70426 0.557334 0 10.2489 -7.29886 4.38388 1  ]
    ObjectInstance "Hoja_A01-a6"
AttributeEnd

AttributeBegin
    Transform [ -0.619655 0.284818 0.731373 0 0.33435 0.938845 -0.0823362 0 0.710097 -0.193515 0.67699 0 9.97953 -7.37606 4.42138 1  ]
    ObjectInstance "Hoja_A01-a6"
AttributeEnd

AttributeBegin
    Transform [ 0.171611 0.899216 0.402444 0 0.485344 0.278322 -0.828841 0 0.857316 -0.337562 0.388666 0 10.1935 -7.5194 4.48774 1  ]
    ObjectInstance "Hoja_A01-a6"
AttributeEnd

AttributeBegin
    Transform [ 0.642905 -0.243502 0.726209 0 -1.49e-7 -0.948121 -0.31791 0 -0.765946 -0.204386 0.609552 0 10.1758 -7.5378 4.57208 1  ]
    ObjectInstance "Hoja_A01-a6"
AttributeEnd

AttributeBegin
    Transform [ 0.979788 0.0905362 -0.178376 0 0 -0.891715 -0.452597 0 0.200037 -0.443449 0.873692 0 10.1419 -7.58553 4.54077 1  ]
    ObjectInstance "Hoja_A01-a6"
AttributeEnd

AttributeBegin
    Transform [ -0.179876 -0.975927 -0.123336 0 -0.883559 0.215405 -0.415842 0 -0.432398 -0.0341748 0.901035 0 10.1049 -7.52513 4.58147 1  ]
    ObjectInstance "Hoja_A01-a6"
AttributeEnd

AttributeBegin
    Transform [ 0.751466 -0.357859 0.554288 0 0 -0.840122 -0.542398 0 -0.659772 -0.407594 0.631323 0 10.1952 -7.592 4.60779 1  ]
    ObjectInstance "Hoja_A01-a6"
AttributeEnd

AttributeBegin
    Transform [ 0.572063 0.792585 0.211077 0 0.659748 -0.291751 -0.692542 0 0.487316 -0.535434 0.689806 0 10.2814 -7.58231 4.69072 1  ]
    ObjectInstance "Hoja_A01-a6"
AttributeEnd

AttributeBegin
    Transform [ -0.774863 0.591807 0.222152 0 0.216763 0.578886 -0.786069 0 0.593802 0.560942 0.576839 0 10.2681 -7.4719 4.6768 1  ]
    ObjectInstance "Hoja_A01-a6"
AttributeEnd

AttributeBegin
    Transform [ 0.334435 0.718893 0.609382 0 0.881357 -0.00961632 -0.472353 0 0.333711 -0.695054 0.636818 0 10.2012 -7.44268 4.45526 1  ]
    ObjectInstance "Hoja_A01-a6"
AttributeEnd

AttributeBegin
    Transform [ -0.805498 0.592582 -0.00436019 0 0.36283 0.487353 -0.794255 0 0.468536 0.641353 0.607568 0 10.1448 -7.32536 4.45563 1  ]
    ObjectInstance "Hoja_A01-a6"
AttributeEnd

AttributeBegin
    Transform [ -0.828132 0.556598 0.066306 0 0.417715 0.691678 -0.589148 0 0.373781 0.460195 0.8053 0 10.1254 -7.26709 4.5014 1  ]
    ObjectInstance "Hoja_A01-a6"
AttributeEnd

AttributeBegin
    Transform [ -0.848814 -0.0481706 0.526492 0 -0.367463 0.76973 -0.522002 0 0.380112 0.636549 0.671059 0 10.0621 -7.2572 4.49061 1  ]
    ObjectInstance "Hoja_A01-a6"
AttributeEnd

AttributeBegin
    Transform [ 0.931049 -0.272415 -0.242773 0 -0.353973 -0.83584 -0.419613 0 0.0886103 -0.476615 0.874635 0 10.0955 -7.37949 4.574 1  ]
    ObjectInstance "Hoja_A01-a6"
AttributeEnd

AttributeBegin
    Transform [ 0.431376 0.772677 0.46571 0 0.845852 -0.166861 -0.506648 0 0.313766 -0.612477 0.72555 0 10.1959 -7.12314 4.60174 1  ]
    ObjectInstance "Hoja_A01-a6"
AttributeEnd

AttributeBegin
    Transform [ -0.872325 -0.133201 -0.470433 0 0.00484334 0.959773 -0.280737 0 -0.488903 0.247173 0.836588 0 10.1342 -7.04242 4.60658 1  ]
    ObjectInstance "Hoja_A01-a6"
AttributeEnd

AttributeBegin
    Transform [ 0.0283549 0.998392 0.0490763 0 0.984029 -0.0192482 -0.176965 0 0.175736 -0.0533103 0.982993 0 10.2116 -7.11014 4.57393 1  ]
    ObjectInstance "Hoja_A01-a6"
AttributeEnd

AttributeBegin
    Transform [ -0.8993 0.15261 -0.40984 0 0.2684 0.932488 -0.241718 0 -0.345283 0.327378 0.879547 0 10.1679 -7.04087 4.57157 1  ]
    ObjectInstance "Hoja_A01-a6"
AttributeEnd

AttributeBegin
