#############################################

AttributeBegin
    ObjectBegin "Hoja_A01"

    AttributeBegin
        Transform [ 1 0 0 0 0 1 0 0 0 0 1 0 0 0 0 1  ]
        NamedMaterial "Leave A_a"
        Shape "plymesh"
            "string filename" [ "geometry/hojas_a1_00001.ply" ]
            "texture alpha" [ "Leave A_a_Alpha" ]
    AttributeEnd
    ObjectEnd
AttributeEnd

AttributeBegin
    Transform [ 0.996537 0.0236279 -0.0797254 0 0 -0.95878 -0.284148 0 0.083153 -0.283164 0.95546 0 10.7499 -8.82995 3.14321 1  ]
    ObjectInstance "Hoja_A01"
AttributeEnd

AttributeBegin
    Transform [ -0.763649 -0.606606 -0.221064 0 -0.342957 0.671225 -0.657143 0 -0.547011 0.426012 0.72062 0 10.8194 -8.68844 3.15624 1  ]
    ObjectInstance "Hoja_A01"
AttributeEnd

AttributeBegin
    Transform [ -0.89573 0.390339 0.212844 0 0.272792 0.860547 -0.430165 0 0.351073 0.32725 0.8773 0 10.8965 -8.65469 3.26955 1  ]
    ObjectInstance "Hoja_A01"
AttributeEnd

AttributeBegin
    Transform [ -0.322213 -0.918693 0.228432 0 -0.892945 0.214816 -0.395605 0 -0.314369 0.331446 0.889559 0 10.7572 -9.04789 3.40093 1  ]
    ObjectInstance "Hoja_A01"
AttributeEnd

AttributeBegin
    Transform [ 0.984201 0.0461453 -0.170936 0 0 -0.96544 -0.260627 0 0.177055 -0.25651 0.950186 0 10.8819 -9.0992 3.42995 1  ]
    ObjectInstance "Hoja_A01"
AttributeEnd

AttributeBegin
    Transform [ 0.366534 0.883133 0.292795 0 0.87684 -0.222645 -0.426122 0 0.311133 -0.412923 0.855973 0 10.8968 -9.14898 3.51121 1  ]
    ObjectInstance "Hoja_A01"
AttributeEnd

AttributeBegin
    Transform [ -0.811446 -0.582733 -0.0444756 0 -0.559396 0.796473 -0.22958 0 -0.169208 0.161413 0.972273 0 10.8512 -9.05556 3.57711 1  ]
    ObjectInstance "Hoja_A01"
AttributeEnd

AttributeBegin
    Transform [ 0.873142 0.40594 -0.269879 0 0.191987 -0.795263 -0.575064 0 0.448066 -0.450299 0.772313 0 10.8919 -9.26495 3.58954 1  ]
    ObjectInstance "Hoja_A01"
AttributeEnd

AttributeBegin
    Transform [ -0.52755 0.805089 -0.271153 0 0.828533 0.417085 -0.373596 0 0.187684 0.421749 0.887075 0 10.9963 -9.14299 3.61747 1  ]
    ObjectInstance "Hoja_A01"
AttributeEnd

AttributeBegin
    Transform [ -0.925903 -0.32926 -0.185178 0 -0.227468 0.877317 -0.422578 0 -0.301598 0.349144 0.887207 0 10.8683 -9.12219 3.68737 1  ]
    ObjectInstance "Hoja_A01"
AttributeEnd

AttributeBegin
    Transform [ 0.0331676 0.955742 -0.29233 0 0.842005 -0.184299 -0.507013 0 0.53845 0.229327 0.810852 0 11.0017 -9.18879 3.74134 1  ]
    ObjectInstance "Hoja_A01"
AttributeEnd

AttributeBegin
    Transform [ 0.0737005 0.983435 0.165602 0 0.624903 0.0838716 -0.776184 0 0.777216 -0.16069 0.60837 0 11.0137 -9.22899 3.79888 1  ]
    ObjectInstance "Hoja_A01"
AttributeEnd

AttributeBegin
    Transform [ 0.968448 -0.0935772 0.23098 0 0.0192887 -0.895903 -0.443831 0 -0.248468 -0.434283 0.86583 0 10.8766 -9.31453 3.94845 1  ]
    ObjectInstance "Hoja_A01"
AttributeEnd

AttributeBegin
    Transform [ -0.640816 0.75151 -0.156803 0 0.665952 0.442557 -0.600542 0 0.381919 0.489261 0.784068 0 10.9728 -9.20434 3.95687 1  ]
    ObjectInstance "Hoja_A01"
AttributeEnd

AttributeBegin
    Transform [ -0.941986 0.201301 -0.268589 0 0.279984 0.912584 -0.297992 0 -0.185124 0.355904 0.916003 0 11.0354 -8.77834 3.44728 1  ]
    ObjectInstance "Hoja_A01"
AttributeEnd

AttributeBegin
    Transform [ 0.997055 0.0390171 -0.0660282 0 0 -0.860925 -0.508733 0 0.0766946 -0.507234 0.858389 0 11.064 -8.84034 3.52712 1  ]
    ObjectInstance "Hoja_A01"
AttributeEnd

AttributeBegin
    Transform [ 0.981398 -0.119026 0.150635 0 -1.192e-7 -0.784619 -0.619978 0 -0.191985 -0.608445 0.770023 0 11.1542 -8.89174 3.52675 1  ]
    ObjectInstance "Hoja_A01"
AttributeEnd

AttributeBegin
    Transform [ -0.966093 0.00179707 0.258189 0 -0.172649 0.739038 -0.651164 0 0.191981 0.673661 0.713669 0 11.0653 -8.73903 3.58887 1  ]
    ObjectInstance "Hoja_A01"
AttributeEnd

AttributeBegin
    Transform [ -0.996581 0.00632414 -0.082377 0 0.0585545 0.757478 -0.650229 0 -0.0582866 0.65283 0.755259 0 11.1995 -8.64036 3.61228 1  ]
    ObjectInstance "Hoja_A01"
AttributeEnd

AttributeBegin
    Transform [ -0.411473 -0.884138 0.221339 0 -0.764842 0.202884 -0.611436 0 -0.495688 0.420878 0.759707 0 11.1015 -8.71583 3.67324 1  ]
    ObjectInstance "Hoja_A01"
AttributeEnd

AttributeBegin
    Transform [ -0.502732 0.825239 0.257375 0 0.747282 0.564554 -0.350499 0 0.434547 -0.0161248 0.900505 0 11.3401 -8.556 3.73331 1  ]
    ObjectInstance "Hoja_A01"
AttributeEnd

AttributeBegin
    Transform [ -0.614711 0.74402 -0.261849 0 0.749322 0.44721 -0.488385 0 0.246267 0.496425 0.832415 0 11.3314 -8.58239 3.77642 1  ]
    ObjectInstance "Hoja_A01"
AttributeEnd

AttributeBegin
    Transform [ 0.00360849 -0.968444 -0.249205 0 -0.945801 0.0776192 -0.315333 0 -0.324726 -0.236837 0.915675 0 10.7033 -8.87217 3.61431 1  ]
    ObjectInstance "Hoja_A01"
AttributeEnd

AttributeBegin
    Transform [ -0.61668 -0.724951 0.306843 0 -0.786655 0.552814 -0.2749 0 -0.0296623 0.410905 0.911196 0 10.7239 -8.7572 3.64313 1  ]
    ObjectInstance "Hoja_A01"
AttributeEnd

AttributeBegin
    Transform [ 0.015132 0.992593 -0.120539 0 0.591743 -0.106064 -0.799119 0 0.805985 0.0592357 0.588965 0 10.7522 -8.7564 3.74779 1  ]
    ObjectInstance "Hoja_A01"
AttributeEnd

AttributeBegin
    Transform [ -0.236865 -0.962467 -0.132487 0 -0.941733 0.260973 -0.212206 0 -0.238817 -0.0745034 0.968202 0 10.5152 -8.7076 3.82862 1  ]
    ObjectInstance "Hoja_A01"
AttributeEnd

AttributeBegin
    Transform [ -0.95551 -0.215018 -0.201909 0 -0.0223253 0.735292 -0.677382 0 -0.294111 0.642738 0.70738 0 10.6057 -8.62524 3.84029 1  ]
    ObjectInstance "Hoja_A01"
AttributeEnd

AttributeBegin
    Transform [ 0.898141 -0.426771 0.105877 0 -0.27162 -0.727838 -0.629662 0 -0.345783 -0.536767 0.76962 0 10.8992 -9.09844 3.70506 1  ]
    ObjectInstance "Hoja_A01"
AttributeEnd

AttributeBegin
    Transform [ 0.680024 0.713991 0.166685 0 0.641311 -0.469041 -0.607224 0 0.35537 -0.519824 0.77685 0 11.0446 -9.04807 3.75617 1  ]
    ObjectInstance "Hoja_A01"
AttributeEnd

AttributeBegin
    Transform [ -0.370727 0.897533 -0.238739 0 0.927025 0.341986 -0.153848 0 0.0564382 0.278353 0.958819 0 11.0326 -8.99567 3.86769 1  ]
    ObjectInstance "Hoja_A01"
AttributeEnd

AttributeBegin
    Transform [ -0.184072 -0.938826 -0.291073 0 -0.880779 0.288992 -0.375117 0 -0.436287 -0.187323 0.880093 0 10.941 -9.02846 4.03058 1  ]
    ObjectInstance "Hoja_A01"
AttributeEnd

AttributeBegin
    Transform [ -0.888236 0.379457 -0.258939 0 0.447815 0.840925 -0.303821 0 -0.102462 0.385822 0.916866 0 11.0359 -9.03303 4.02681 1  ]
    ObjectInstance "Hoja_A01"
AttributeEnd

AttributeBegin
    Transform [ 0.995795 0.0247684 -0.0881926 0 0 -0.962753 -0.270383 0 0.0916047 -0.269246 0.958705 0 10.9247 -8.71686 3.92065 1  ]
    ObjectInstance "Hoja_A01"
AttributeEnd

AttributeBegin
    Transform [ 0.814822 -0.503803 -0.286791 0 -0.578397 -0.673218 -0.460689 0 -0.0390237 -0.541258 0.839951 0 10.8369 -8.73502 3.94241 1  ]
    ObjectInstance "Hoja_A01"
AttributeEnd

AttributeBegin
    Transform [ 0.978738 0.0674662 -0.193702 0 0 -0.944358 -0.328919 0 0.205115 -0.321925 0.924279 0 10.925 -8.72609 3.9687 1  ]
    ObjectInstance "Hoja_A01"
AttributeEnd

AttributeBegin
    Transform [ -0.0290518 0.961296 0.273981 0 0.846706 0.169346 -0.504391 0 0.531267 -0.217328 0.818855 0 11.0237 -8.65818 3.96815 1  ]
    ObjectInstance "Hoja_A01"
AttributeEnd

AttributeBegin
    Transform [ 0.986091 0.0615125 -0.154402 0 0 -0.928991 -0.370103 0 0.166204 -0.364956 0.91607 0 10.8671 -8.69683 4.05477 1  ]
    ObjectInstance "Hoja_A01"
AttributeEnd

AttributeBegin
    Transform [ -0.939699 0.338236 0.050621 0 0.220173 0.711554 -0.667244 0 0.261706 0.615863 0.743117 0 10.7757 -8.7007 4.08965 1  ]
    ObjectInstance "Hoja_A01"
AttributeEnd

AttributeBegin
    Transform [ -0.983803 -0.168267 0.0617955 0 -0.172515 0.795132 -0.581381 0 -0.0486917 0.582625 0.811281 0 10.7368 -8.68822 4.16175 1  ]
    ObjectInstance "Hoja_A01"
AttributeEnd

AttributeBegin
    Transform [ -0.721148 -0.692712 -0.00974878 0 -0.579705 0.611087 -0.538994 0 -0.379325 0.383043 0.842253 0 10.6198 -8.71538 4.19619 1  ]
    ObjectInstance "Hoja_A01"
AttributeEnd

AttributeBegin
    Transform [ -0.630784 -0.75525 0.17807 0 -0.516506 0.237409 -0.822714 0 -0.57908 0.610929 0.539845 0 10.6003 -8.74826 4.24873 1  ]
    ObjectInstance "Hoja_A01"
AttributeEnd

AttributeBegin
    Transform [ 0.890395 -0.434662 0.135147 0 -0.392502 -0.883512 -0.255632 0 -0.230517 -0.174568 0.957281 0 10.6275 -8.83478 4.27281 1  ]
    ObjectInstance "Hoja_A01"
AttributeEnd

AttributeBegin
    Transform [ 0.965675 0.230567 0.119626 0 0.258546 -0.897531 -0.357201 0 -0.0250088 -0.375869 0.926335 0 10.7201 -8.82262 4.32814 1  ]
    ObjectInstance "Hoja_A01"
AttributeEnd

AttributeBegin
    Transform [ 0.999256 -0.0142587 0.0358397 0 -1.704e-7 -0.929167 -0.36966 0 -0.0385719 -0.369385 0.928476 0 10.712 -8.74909 4.31882 1  ]
    ObjectInstance "Hoja_A01"
AttributeEnd

AttributeBegin
    Transform [ -0.969617 0.204562 -0.134153 0 0.244317 0.837418 -0.488918 0 -0.0123276 0.506839 0.861953 0 10.6826 -8.67279 4.34432 1  ]
    ObjectInstance "Hoja_A01"
AttributeEnd

AttributeBegin
    Transform [ -0.869242 0.493982 0.019997 0 0.462212 0.82636 -0.321698 0 0.175438 0.27039 0.946631 0 10.6078 -8.63162 4.50304 1  ]
    ObjectInstance "Hoja_A01"
AttributeEnd

AttributeBegin
    Transform [ 0.997377 0.0299637 -0.065884 0 -1.211e-7 -0.91028 -0.413992 0 0.0723777 -0.412906 0.907893 0 10.5851 -8.66666 4.51305 1  ]
    ObjectInstance "Hoja_A01"
AttributeEnd

AttributeBegin
    Transform [ 0.835431 0.5395 0.104854 0 0.462145 -0.58634 -0.665302 0 0.297451 -0.604272 0.739174 0 11.0806 -8.82758 4.20729 1  ]
    ObjectInstance "Hoja_A01"
AttributeEnd

AttributeBegin
    Transform [ -0.569031 -0.803401 -0.17536 0 -0.689756 0.582426 -0.430136 0 -0.447706 0.123805 0.885569 0 10.936 -8.69837 4.29625 1  ]
    ObjectInstance "Hoja_A01"
AttributeEnd

AttributeBegin
    Transform [ 0.696786 -0.66763 0.26222 0 -0.468118 -0.700255 -0.538988 0 -0.543465 -0.25281 0.800458 0 10.9808 -8.85394 4.30706 1  ]
    ObjectInstance "Hoja_A01"
AttributeEnd

AttributeBegin
    Transform [ 0.999804 0.0122664 -0.0155109 0 -1.565e-7 -0.784363 -0.620302 0 0.019775 -0.620181 0.784209 0 11.0589 -8.72662 4.33772 1  ]
    ObjectInstance "Hoja_A01"
AttributeEnd

AttributeBegin
    Transform [ 0.988634 0.150072 0.00900239 0 0.110956 -0.687922 -0.717254 0 0.101446 -0.7101 0.696754 0 11.073 -8.86771 4.32935 1  ]
    ObjectInstance "Hoja_A01"
AttributeEnd

AttributeBegin
    Transform [ 0.167959 0.97753 0.127376 0 0.888758 -0.0942541 -0.448581 0 0.426496 -0.18855 0.884619 0 11.1222 -8.75205 4.36187 1  ]
    ObjectInstance "Hoja_A01"
AttributeEnd

AttributeBegin
    Transform [ -0.956149 0.292722 -0.00964627 0 0.255686 0.818207 -0.514939 0 0.142841 0.494825 0.857173 0 11.0806 -8.67977 4.36174 1  ]
    ObjectInstance "Hoja_A01"
AttributeEnd

AttributeBegin
    Transform [ 0.691969 0.693586 0.200293 0 0.721136 -0.677063 -0.146794 0 -0.033797 -0.246015 0.968677 0 10.8934 -8.68071 4.44163 1  ]
    ObjectInstance "Hoja_A01"
AttributeEnd

AttributeBegin
    Transform [ 0.979276 -0.0208157 0.201457 0 0 -0.994704 -0.102778 0 -0.202529 -0.100648 0.97409 0 10.746 -8.61751 4.43524 1  ]
    ObjectInstance "Hoja_A01"
AttributeEnd

AttributeBegin
    Transform [ -0.417078 -0.881523 -0.221277 0 -0.765345 0.471958 -0.437609 0 -0.490196 0.0131638 0.871513 0 10.7202 -8.58316 4.48292 1  ]
    ObjectInstance "Hoja_A01"
AttributeEnd

AttributeBegin
    Transform [ 0.922112 -0.329985 0.202037 0 -0.162494 -0.804153 -0.57178 0 -0.351148 -0.494416 0.79514 0 10.7603 -8.6782 4.50321 1  ]
    ObjectInstance "Hoja_A01"
AttributeEnd

AttributeBegin
    Transform [ -0.918019 0.395252 0.0318947 0 0.264745 0.670804 -0.692771 0 0.295214 0.627533 0.720452 0 10.7879 -8.40907 4.49471 1  ]
    ObjectInstance "Hoja_A01"
AttributeEnd

AttributeBegin
    Transform [ 0.414017 -0.864915 -0.283747 0 -0.838302 -0.240809 -0.489143 0 -0.354738 -0.440379 0.824759 0 10.7921 -8.85986 4.4739 1  ]
    ObjectInstance "Hoja_A01"
AttributeEnd

AttributeBegin
    Transform [ 0.853748 -0.450074 -0.261814 0 -0.497626 -0.853268 -0.155889 0 0.153236 -0.263376 0.952445 0 10.8114 -8.90207 4.50141 1  ]
    ObjectInstance "Hoja_A01"
AttributeEnd

AttributeBegin
    Transform [ 0.356232 0.929995 0.0905999 0 0.696269 -0.199535 -0.689489 0 0.623143 -0.3087 0.718607 0 10.9266 -8.89061 4.58118 1  ]
    ObjectInstance "Hoja_A01"
AttributeEnd

AttributeBegin
    Transform [ -0.328483 -0.940431 -0.0876796 0 -0.771082 0.320621 -0.550123 0 -0.545465 0.113098 0.830468 0 10.842 -8.87675 4.62931 1  ]
    ObjectInstance "Hoja_A01"
AttributeEnd

AttributeBegin
    Transform [ 0.998277 -0.00864338 0.0580328 0 -1.881e-7 -0.98909 -0.147312 0 -0.0586729 -0.147058 0.987386 0 10.9192 -9.02806 4.7255 1  ]
    ObjectInstance "Hoja_A01"
AttributeEnd

AttributeBegin
    Transform [ 0.945582 0.141801 -0.292861 0 0 -0.900046 -0.435796 0 0.325385 -0.41208 0.851067 0 10.919 -8.93267 4.73673 1  ]
    ObjectInstance "Hoja_A01"
AttributeEnd

AttributeBegin
    Transform [ 0.967358 0.132279 -0.216148 0 0 -0.85295 -0.521993 0 0.253412 -0.504954 0.825108 0 10.9092 -8.66486 4.61875 1  ]
    ObjectInstance "Hoja_A01"
AttributeEnd

AttributeBegin
    Transform [ -0.783647 0.619924 0.0398838 0 0.540221 0.711776 -0.448929 0 0.30669 0.330256 0.892677 0 11.0021 -8.57382 4.71693 1  ]
    ObjectInstance "Hoja_A01"
AttributeEnd

AttributeBegin
    Transform [ 0.48117 0.851489 -0.208428 0 0.804364 -0.523374 -0.281207 0 0.34853 0.0323435 0.936739 0 11.0988 -8.64241 4.7134 1  ]
    ObjectInstance "Hoja_A01"
AttributeEnd

AttributeBegin
    Transform [ 0.503484 0.828491 -0.245167 0 0.644159 -0.549053 -0.53254 0 0.575814 -0.110199 0.81012 0 10.9381 -8.70151 4.70901 1  ]
    ObjectInstance "Hoja_A01"
AttributeEnd

AttributeBegin
    Transform [ 0.261841 -0.946054 -0.190845 0 -0.845341 -0.129408 -0.518316 0 -0.465658 -0.297046 0.833623 0 9.8903 -8.8064 2.78232 1  ]
    ObjectInstance "Hoja_A01"
AttributeEnd

AttributeBegin
    Transform [ 0.973023 0.230529 0.00910538 0 0.183837 -0.750889 -0.634326 0 0.139393 -0.618888 0.773012 0 9.96719 -8.83692 2.83845 1  ]
    ObjectInstance "Hoja_A01"
AttributeEnd

AttributeBegin
    Transform [ 0.529393 -0.828511 0.182517 0 -0.397857 -0.432464 -0.809126 0 -0.749302 -0.355729 0.558572 0 9.71231 -8.74286 2.85167 1  ]
    ObjectInstance "Hoja_A01"
AttributeEnd

AttributeBegin
    Transform [ -0.160275 -0.986305 -0.0389249 0 -0.716803 0.143411 -0.682369 0 -0.678605 0.0814655 0.729971 0 9.68267 -8.68585 2.87747 1  ]
    ObjectInstance "Hoja_A01"
AttributeEnd

AttributeBegin
    Transform [ 0.443417 -0.889377 -0.11131 0 -0.605773 -0.205833 -0.768552 0 -0.660621 -0.408218 0.63003 0 9.71176 -8.69335 2.87987 1  ]
    ObjectInstance "Hoja_A01"
AttributeEnd

AttributeBegin
    Transform [ -0.819167 -0.570893 0.0551964 0 -0.460004 0.59646 -0.657747 0 -0.342581 0.564196 0.751213 0 9.72688 -8.62015 2.90778 1  ]
    ObjectInstance "Hoja_A01"
AttributeEnd

AttributeBegin
    Transform [ -0.556085 -0.823392 0.113117 0 -0.620302 0.320582 -0.715858 0 -0.553169 0.468244 0.689022 0 9.82787 -8.53479 2.42004 1  ]
    ObjectInstance "Hoja_A01"
AttributeEnd

AttributeBegin
    Transform [ -0.520112 0.833792 0.18513 0 0.741036 0.548309 -0.387586 0 0.424675 0.0644005 0.903053 0 10.0397 -8.4518 2.28919 1  ]
    ObjectInstance "Hoja_A01"
AttributeEnd

AttributeBegin
    Transform [ -0.544977 -0.815664 0.194145 0 -0.646663 0.261508 -0.716547 0 -0.533691 0.516048 0.669976 0 9.84366 -8.40241 2.2415 1  ]
    ObjectInstance "Hoja_A01"
AttributeEnd

AttributeBegin
    Transform [ -0.330147 -0.940375 0.0818404 0 -0.472651 0.0896417 -0.876678 0 -0.81707 0.328115 0.474065 0 9.5446 -8.63218 2.58247 1  ]
    ObjectInstance "Hoja_A01"
AttributeEnd

AttributeBegin
    Transform [ -0.2896 -0.9162 0.276963 0 -0.905489 0.168472 -0.389496 0 -0.310196 0.363585 0.878399 0 9.48243 -8.62956 2.60816 1  ]
    ObjectInstance "Hoja_A01"
AttributeEnd

AttributeBegin
    Transform [ 0.512313 -0.858747 -0.00941549 0 -0.763355 -0.450327 -0.463135 0 -0.393476 -0.244458 0.886238 0 9.71197 -8.33144 2.65159 1  ]
    ObjectInstance "Hoja_A01"
AttributeEnd

AttributeBegin
    Transform [ -0.55284 0.829205 -0.0823807 0 0.827535 0.534739 -0.170998 0 0.0977399 0.162707 0.981822 0 9.81967 -8.26118 2.65612 1  ]
    ObjectInstance "Hoja_A01"
AttributeEnd

AttributeBegin
    Transform [ -0.174245 0.982341 0.0681448 0 0.687408 0.170897 -0.705879 0 0.70506 0.0761526 0.705047 0 9.86287 -8.25115 2.59292 1  ]
    ObjectInstance "Hoja_A01"
AttributeEnd

AttributeBegin
    Transform [ -0.479044 -0.877706 0.012212 0 -0.20627 0.099036 -0.97347 0 -0.853212 0.468854 0.228487 0 9.44205 -8.35195 2.4291 1  ]
    ObjectInstance "Hoja_A01"
AttributeEnd

AttributeBegin
    Transform [ -0.992745 0.00959617 -0.119854 0 0.113657 0.400124 -0.909386 0 -0.0392296 0.916411 0.398311 0 9.45838 -8.25182 2.4435 1  ]
    ObjectInstance "Hoja_A01"
AttributeEnd

AttributeBegin
    Transform [ -0.824423 -0.565514 0.0228408 0 -0.361404 0.494949 -0.790198 0 -0.435563 0.659711 0.612426 0 9.22436 -8.1896 2.32315 1  ]
    ObjectInstance "Hoja_A01"
AttributeEnd

AttributeBegin
    Transform [ 0.0446285 -0.947956 0.315258 0 -0.982884 -0.098126 -0.155918 0 -0.178739 0.302904 0.93611 0 9.19165 -8.24144 2.34944 1  ]
    ObjectInstance "Hoja_A01"
AttributeEnd

AttributeBegin
    Transform [ -0.862274 -0.489199 0.131024 0 -0.454392 0.633072 -0.626695 0 -0.223631 0.599919 0.76817 0 9.23784 -8.198 2.29603 1  ]
    ObjectInstance "Hoja_A01"
AttributeEnd

AttributeBegin
    Transform [ -0.153777 -0.985565 0.0708055 0 -0.723956 0.0636091 -0.686907 0 -0.672488 0.15689 0.723288 0 9.2013 -8.23444 2.32319 1  ]
    ObjectInstance "Hoja_A01"
AttributeEnd

AttributeBegin
    Transform [ 0.972777 0.167139 -0.160529 0 0.0884168 -0.907979 -0.40958 0 0.214214 -0.384237 0.898039 0 9.46511 -8.43353 2.72933 1  ]
    ObjectInstance "Hoja_A01"
AttributeEnd

AttributeBegin
    Transform [ 0.961614 0.0473518 -0.270288 0 0 -0.984999 -0.172562 0 0.274405 -0.165938 0.947189 0 9.36564 -8.33449 2.74188 1  ]
    ObjectInstance "Hoja_A01"
AttributeEnd

AttributeBegin
    Transform [ -0.00867547 -0.990845 -0.134727 0 -0.742471 0.0966324 -0.662872 0 -0.669822 -0.0942799 0.736512 0 9.28903 -8.32779 2.70063 1  ]
    ObjectInstance "Hoja_A01"
AttributeEnd

AttributeBegin
    Transform [ 0.196544 -0.96327 0.18298 0 -0.799049 -0.265512 -0.539466 0 -0.568235 0.0401814 0.821885 0 9.28215 -8.36237 2.78194 1  ]
    ObjectInstance "Hoja_A01"
AttributeEnd

AttributeBegin
    Transform [ 0.688146 -0.721752 -0.0743552 0 -0.606974 -0.516488 -0.604005 0 -0.397538 -0.460776 0.793504 0 9.30245 -8.24218 2.52424 1  ]
    ObjectInstance "Hoja_A01"
AttributeEnd

AttributeBegin
    Transform [ -0.16345 -0.986102 -0.0297808 0 -0.798003 0.1499 -0.583713 0 -0.580064 0.0716428 0.811414 0 9.27864 -8.19172 2.56263 1  ]
    ObjectInstance "Hoja_A01"
AttributeEnd

AttributeBegin
    Transform [ 0.0938985 -0.994845 0.0382957 0 -0.534956 -0.082858 -0.840807 0 -0.839646 -0.0584639 0.539979 0 9.22442 -8.13192 2.47662 1  ]
    ObjectInstance "Hoja_A01"
AttributeEnd

AttributeBegin
    Transform [ -0.779951 -0.618867 0.0931696 0 -0.51026 0.542625 -0.667228 0 -0.362369 0.567946 0.739003 0 9.23331 -8.07148 2.48442 1  ]
    ObjectInstance "Hoja_A01"
AttributeEnd

AttributeBegin
    Transform [ -0.764344 -0.626168 0.153922 0 -0.505994 0.434492 -0.745109 0 -0.399685 0.647403 0.648938 0 9.13758 -8.30348 2.54291 1  ]
    ObjectInstance "Hoja_A01"
AttributeEnd

AttributeBegin
    Transform [ 0.915089 0.310145 0.257725 0 0.403235 -0.697963 -0.591818 0 0.00366749 -0.64549 0.76376 0 9.26886 -8.47841 2.54427 1  ]
    ObjectInstance "Hoja_A01"
AttributeEnd

AttributeBegin
    Transform [ 0.196561 -0.962012 -0.189464 0 -0.83273 -0.0617822 -0.550222 0 -0.517615 -0.265925 0.81324 0 9.12501 -8.39403 2.55874 1  ]
    ObjectInstance "Hoja_A01"
AttributeEnd

AttributeBegin
    Transform [ -0.0122247 -0.99608 0.0876038 0 -0.936927 -0.0191951 -0.348998 0 -0.349311 0.0863448 0.93302 0 9.11392 -8.42351 2.50592 1  ]
    ObjectInstance "Hoja_A01"
AttributeEnd

AttributeBegin
    Transform [ 0.980842 -0.0405625 0.190533 0 -1.304e-7 -0.978081 -0.208223 0 -0.194802 -0.204234 0.959344 0 9.23651 -8.46435 2.57279 1  ]
    ObjectInstance "Hoja_A01"
AttributeEnd

AttributeBegin
    Transform [ 0.831807 -0.502881 -0.234962 0 -0.508092 -0.519408 -0.687065 0 -0.223471 -0.690888 0.687557 0 9.13035 -8.52521 2.55903 1  ]
    ObjectInstance "Hoja_A01"
AttributeEnd

AttributeBegin
    Transform [ -0.383069 0.923606 0.014532 0 0.625159 0.270804 -0.732012 0 0.680025 0.271326 0.681137 0 9.11128 -8.08536 2.70648 1  ]
    ObjectInstance "Hoja_A01"
AttributeEnd

AttributeBegin
    Transform [ -0.803763 -0.568371 -0.175839 0 -0.417507 0.749403 -0.513889 0 -0.423854 0.339632 0.839642 0 8.95862 -8.05277 2.64444 1  ]
    ObjectInstance "Hoja_A01"
AttributeEnd

AttributeBegin
    Transform [ -0.621515 0.734888 0.271402 0 0.519419 0.645907 -0.559472 0 0.586449 0.206749 0.783155 0 9.10014 -8.10011 2.50503 1  ]
    ObjectInstance "Hoja_A01"
AttributeEnd

AttributeBegin
    Transform [ -0.730468 -0.659882 -0.175989 0 -0.388367 0.613331 -0.687747 0 -0.561771 0.434029 0.704295 0 8.97773 -8.11085 2.45364 1  ]
    ObjectInstance "Hoja_A01"
AttributeEnd

AttributeBegin
    Transform [ 0.956978 -0.138897 0.254758 0 -1.863e-7 -0.877985 -0.478688 0 -0.290162 -0.458094 0.840212 0 8.9453 -8.08826 2.50703 1  ]
    ObjectInstance "Hoja_A01"
AttributeEnd

AttributeBegin
    Transform [ -0.872555 -0.475142 -0.113525 0 -0.106828 0.412349 -0.904741 0 -0.476692 0.777308 0.410556 0 8.98505 -8.04583 2.39172 1  ]
    ObjectInstance "Hoja_A01"
AttributeEnd

AttributeBegin
    Transform [ -0.171676 -0.93525 0.309573 0 -0.971857 0.109326 -0.208667 0 -0.161311 0.336684 0.927697 0 9.0044 -8.14208 2.59211 1  ]
    ObjectInstance "Hoja_A01"
AttributeEnd

AttributeBegin
    Transform [ -0.681372 0.71686 0.147802 0 0.682484 0.695212 -0.2256 0 0.264477 0.0528454 0.962943 0 9.11117 -8.09626 2.59584 1  ]
    ObjectInstance "Hoja_A01"
AttributeEnd

AttributeBegin
    Transform [ -0.470505 -0.871983 0.135169 0 -0.432527 0.0943883 -0.896667 0 -0.76912 0.48035 0.421567 0 8.95947 -8.19875 2.5463 1  ]
    ObjectInstance "Hoja_A01"
AttributeEnd

AttributeBegin
    Transform [ 0.816393 -0.577213 -0.0180673 0 -0.293941 -0.388405 -0.87335 0 -0.497092 -0.718308 0.486759 0 8.92139 -8.22534 2.53586 1  ]
    ObjectInstance "Hoja_A01"
AttributeEnd

AttributeBegin
    Transform [ 0.973011 -0.110156 0.202769 0 -2.086e-7 -0.878705 -0.477365 0 -0.230758 -0.464481 0.85499 0 8.88987 -8.16761 2.57214 1  ]
    ObjectInstance "Hoja_A01"
AttributeEnd

AttributeBegin
    Transform [ -0.804892 -0.585744 -0.0951456 0 -0.370234 0.620975 -0.690881 0 -0.463763 0.520859 0.71668 0 8.91019 -8.06088 2.55998 1  ]
    ObjectInstance "Hoja_A01"
AttributeEnd

AttributeBegin
    Transform [ 0.968145 -0.178403 -0.175693 0 -0.244699 -0.822886 -0.512817 0 0.0530875 -0.539473 0.840328 0 8.78656 -8.17888 2.59512 1  ]
    ObjectInstance "Hoja_A01"
AttributeEnd

AttributeBegin
    Transform [ 0.520716 -0.847689 -0.101383 0 -0.554562 -0.245564 -0.795085 0 -0.649088 -0.470237 0.597965 0 8.73832 -8.11044 2.56264 1  ]
    ObjectInstance "Hoja_A01"
AttributeEnd

AttributeBegin
    Transform [ 0.983748 0.07153 -0.164694 0 -0.045056 -0.789542 -0.61204 0 0.173812 -0.609514 0.773487 0 10.2102 -9.5299 3.17592 1  ]
    ObjectInstance "Hoja_A01"
AttributeEnd

AttributeBegin
    Transform [ 0.992038 -0.055993 0.112803 0 0 -0.895721 -0.444617 0 -0.125935 -0.441078 0.888589 0 10.222 -9.45622 3.33253 1  ]
    ObjectInstance "Hoja_A01"
AttributeEnd

AttributeBegin
    Transform [ 0.908904 -0.353989 -0.220422 0 -0.414548 -0.824313 -0.385563 0 0.0452115 -0.441815 0.895966 0 10.1082 -9.59335 3.27676 1  ]
    ObjectInstance "Hoja_A01"
AttributeEnd

AttributeBegin
    Transform [ 0.99982 0.0109475 -0.0154999 0 0 -0.816814 -0.576901 0 0.0189762 -0.576797 0.816667 0 10.1112 -9.51575 3.36415 1  ]
    ObjectInstance "Hoja_A01"
AttributeEnd

AttributeBegin
    Transform [ 0.38669 -0.913603 -0.1257 0 -0.610737 -0.151568 -0.777192 0 -0.690993 -0.377302 0.616581 0 10.0013 -9.67521 3.3332 1  ]
    ObjectInstance "Hoja_A01"
AttributeEnd

AttributeBegin
    Transform [ 0.91688 -0.263165 -0.300125 0 -0.372492 -0.834332 -0.406374 0 0.143461 -0.48439 0.86301 0 10.2423 -9.3156 3.5362 1  ]
    ObjectInstance "Hoja_A01"
AttributeEnd

AttributeBegin
    Transform [ 0.385119 0.89943 0.206659 0 0.854374 -0.262824 -0.448294 0 0.348895 -0.349211 0.869669 0 10.4142 -9.28257 3.54807 1  ]
    ObjectInstance "Hoja_A01"
AttributeEnd

AttributeBegin
    Transform [ -0.652709 -0.755248 -0.0597597 0 -0.638377 0.590749 -0.493448 0 -0.407979 0.283929 0.86772 0 10.275 -9.15885 3.62446 1  ]
    ObjectInstance "Hoja_A01"
AttributeEnd

AttributeBegin
    Transform [ 0.977001 0.0310153 -0.210966 0 0 -0.989365 -0.145452 0 0.213234 -0.142107 0.966611 0 10.3182 -9.21398 3.61061 1  ]
    ObjectInstance "Hoja_A01"
AttributeEnd

AttributeBegin
    Transform [ -0.59072 0.805056 0.0541809 0 0.682931 0.534611 -0.497791 0 0.429715 0.257053 0.865603 0 10.4129 -9.19248 3.60278 1  ]
    ObjectInstance "Hoja_A01"
AttributeEnd

AttributeBegin
    Transform [ 0.79263 0.591937 0.146109 0 0.580269 -0.658828 -0.478783 0 0.187148 -0.46428 0.86569 0 10.4111 -9.3226 3.69065 1  ]
    ObjectInstance "Hoja_A01"
AttributeEnd

AttributeBegin
    Transform [ -0.153693 0.983583 0.0945663 0 0.510701 0.161 -0.844549 0 0.84591 0.0815057 0.527062 0 10.4291 -9.17073 3.71376 1  ]
    ObjectInstance "Hoja_A01"
AttributeEnd

AttributeBegin
    Transform [ -0.0385551 0.983701 0.175631 0 0.846154 0.125634 -0.517918 0 0.531542 -0.128643 0.837206 0 10.5022 -9.22114 3.7824 1  ]
    ObjectInstance "Hoja_A01"
AttributeEnd

AttributeBegin
    Transform [ -0.978839 0.152664 -0.136262 0 0.178158 0.963363 -0.200476 0 -0.100664 0.22051 0.970176 0 10.0239 -9.2303 3.55772 1  ]
    ObjectInstance "Hoja_A01"
AttributeEnd

AttributeBegin
    Transform [ 0.743319 -0.668674 0.0187512 0 -0.617599 -0.696773 -0.364801 0 -0.256998 -0.259583 0.930897 0 9.95535 -9.36877 3.61171 1  ]
    ObjectInstance "Hoja_A01"
AttributeEnd

AttributeBegin
    Transform [ 0.324466 -0.945484 -0.0279486 0 -0.827689 -0.269491 -0.492245 0 -0.457878 -0.18285 0.870008 0 9.78796 -9.426 3.75301 1  ]
    ObjectInstance "Hoja_A01"
AttributeEnd

AttributeBegin
    Transform [ -0.624624 -0.759505 -0.181649 0 -0.596845 0.614299 -0.516152 0 -0.503607 0.213984 0.837013 0 9.78823 -9.33087 3.75729 1  ]
    ObjectInstance "Hoja_A01"
AttributeEnd

AttributeBegin
    Transform [ 0.574109 -0.813054 -0.0966525 0 -0.805088 -0.539065 -0.247469 0 -0.149104 -0.219888 0.964063 0 10.1126 -9.55993 3.67695 1  ]
    ObjectInstance "Hoja_A01"
AttributeEnd

AttributeBegin
    Transform [ 0.662681 0.73524 0.142396 0 0.585502 -0.390088 -0.710647 0 0.466949 -0.554305 0.688988 0 10.2204 -9.56183 3.683 1  ]
    ObjectInstance "Hoja_A01"
AttributeEnd

AttributeBegin
    Transform [ 0.129152 -0.959027 -0.252165 0 -0.958323 -0.0553631 -0.280271 0 -0.254827 -0.277853 0.926208 0 10.048 -9.57811 3.64652 1  ]
    ObjectInstance "Hoja_A01"
AttributeEnd

AttributeBegin
    Transform [ -0.203032 0.96914 -0.13981 0 0.747276 0.0610941 -0.661699 0 0.632738 0.238822 0.736619 0 10.2417 -9.61686 3.68881 1  ]
    ObjectInstance "Hoja_A01"
AttributeEnd

AttributeBegin
    Transform [ 0.886176 -0.462442 0.0289851 0 -0.455149 -0.880504 -0.132486 0 -0.0867888 -0.104214 0.990761 0 10.0683 -9.65319 3.732 1  ]
    ObjectInstance "Hoja_A01"
AttributeEnd

AttributeBegin
    Transform [ 0.997688 -0.0122707 0.0668463 0 0 -0.983566 -0.180547 0 -0.0679632 -0.18013 0.981292 0 10.0577 -9.73 3.70863 1  ]
    ObjectInstance "Hoja_A01"
AttributeEnd

AttributeBegin
    Transform [ 0.955298 -0.293726 0.0336363 0 -0.259078 -0.886512 -0.383373 0 -0.142426 -0.357521 0.922981 0 10.105 -9.79505 3.71483 1  ]
    ObjectInstance "Hoja_A01"
AttributeEnd

AttributeBegin
    Transform [ -0.967378 0.0331704 -0.251155 0 0.181833 0.781213 -0.597195 0 -0.176396 0.623382 0.76176 0 10.1448 -9.2532 4.0204 1  ]
    ObjectInstance "Hoja_A01"
AttributeEnd

AttributeBegin
    Transform [ -0.685813 0.709331 -0.162817 0 0.697061 0.575911 -0.42712 0 0.209202 0.406418 0.889415 0 10.1987 -9.31685 4.05062 1  ]
    ObjectInstance "Hoja_A01"
AttributeEnd

AttributeBegin
    Transform [ 0.248161 0.917947 -0.309498 0 0.9242 -0.320089 -0.20832 0 0.290294 0.234341 0.9278 0 10.2018 -9.33015 4.11636 1  ]
    ObjectInstance "Hoja_A01"
AttributeEnd

AttributeBegin
    Transform [ 0.815284 0.501484 -0.289528 0 0.486366 -0.864385 -0.127617 0 0.314261 0.036772 0.948624 0 9.90256 -9.67477 3.89868 1  ]
    ObjectInstance "Hoja_A01"
AttributeEnd

AttributeBegin
    Transform [ 0.310292 -0.929518 -0.199289 0 -0.699385 -0.0812197 -0.710115 0 -0.643878 -0.359723 0.675293 0 9.80244 -9.63299 3.88861 1  ]
    ObjectInstance "Hoja_A01"
AttributeEnd

AttributeBegin
    Transform [ 0.977896 -0.0185519 0.208268 0 -2.645e-7 -0.996056 -0.0887245 0 -0.209093 -0.0867633 0.974039 0 9.98257 -9.67884 3.94895 1  ]
    ObjectInstance "Hoja_A01"
AttributeEnd

AttributeBegin
    Transform [ -0.130962 -0.991385 -0.00199556 0 -0.907297 0.120664 -0.402805 0 -0.399576 0.0509413 0.915284 0 9.76123 -9.67724 3.96075 1  ]
    ObjectInstance "Hoja_A01"
AttributeEnd

AttributeBegin
    Transform [ 0.953824 -0.105682 -0.281161 0 -0.203421 -0.915995 -0.345793 0 0.220998 -0.387019 0.895196 0 9.80783 -9.75248 3.97183 1  ]
    ObjectInstance "Hoja_A01"
AttributeEnd

AttributeBegin
    Transform [ 0.828947 -0.477729 -0.2909 0 -0.540645 -0.817662 -0.197817 0 0.143355 -0.321253 0.93608 0 9.76914 -9.80381 3.94936 1  ]
    ObjectInstance "Hoja_A01"
AttributeEnd

AttributeBegin
    Transform [ -0.907212 -0.408252 -0.101473 0 -0.287424 0.77768 -0.559108 0 -0.30717 0.478063 0.822862 0 9.73071 -9.65828 3.98764 1  ]
    ObjectInstance "Hoja_A01"
AttributeEnd

AttributeBegin
    Transform [ 0.966545 -0.127289 0.222687 0 -0.0552879 -0.951157 -0.303715 0 -0.25047 -0.281243 0.926373 0 10.1367 -9.77045 4.3318 1  ]
    ObjectInstance "Hoja_A01"
AttributeEnd

AttributeBegin
    Transform [ 0.19189 0.981401 0.00553249 0 0.715573 -0.136051 -0.685161 0 0.671665 -0.135434 0.728371 0 10.2093 -9.72132 4.32927 1  ]
    ObjectInstance "Hoja_A01"
AttributeEnd

AttributeBegin
    Transform [ -0.770871 0.624951 0.123268 0 0.487141 0.703068 -0.518063 0 0.41043 0.339311 0.846413 0 10.1337 -9.63814 4.39093 1  ]
    ObjectInstance "Hoja_A01"
AttributeEnd

AttributeBegin
    Transform [ 0.715224 0.698746 -0.0144844 0 0.429716 -0.456005 -0.779361 0 0.55118 -0.551193 0.626408 0 10.2529 -9.88138 4.41601 1  ]
    ObjectInstance "Hoja_A01"
AttributeEnd

AttributeBegin
    Transform [ 0.592269 0.79611 -0.124203 0 0.56128 -0.518239 -0.645285 0 0.578085 -0.312469 0.753778 0 10.2636 -9.88853 4.44799 1  ]
    ObjectInstance "Hoja_A01"
AttributeEnd

AttributeBegin
    Transform [ 0.910717 0.337367 0.23828 0 0.40384 -0.60631 -0.685056 0 0.0866436 -0.72012 0.688419 0 10.2282 -9.87706 4.45706 1  ]
    ObjectInstance "Hoja_A01"
AttributeEnd

AttributeBegin
    Transform [ 0.968813 -0.0713445 0.237299 0 -2.31e-7 -0.957655 -0.28792 0 -0.247792 -0.27894 0.927788 0 10.2442 -9.8694 4.48907 1  ]
    ObjectInstance "Hoja_A01"
AttributeEnd

AttributeBegin
    Transform [ 0.00215308 -0.998506 -0.0545941 0 -0.610471 0.0419282 -0.790928 0 -0.792036 -0.035031 0.609468 0 9.73026 -9.49987 4.23678 1  ]
    ObjectInstance "Hoja_A01"
AttributeEnd

AttributeBegin
    Transform [ 0.950813 0.167496 -0.260575 0 0 -0.841203 -0.54072 0 0.309765 -0.514124 0.799827 0 9.77575 -9.49974 4.29245 1  ]
    ObjectInstance "Hoja_A01"
AttributeEnd

AttributeBegin
    Transform [ 0.157182 -0.975552 0.153598 0 -0.804439 -0.216696 -0.553101 0 -0.572863 0.0366231 0.818833 0 9.68895 -9.57718 4.28991 1  ]
    ObjectInstance "Hoja_A01"
AttributeEnd

AttributeBegin
    Transform [ -0.138449 -0.957155 0.254336 0 -0.910561 0.0220235 -0.412787 0 -0.389499 0.288739 0.874597 0 9.63483 -9.4936 4.30884 1  ]
    ObjectInstance "Hoja_A01"
AttributeEnd

AttributeBegin
    Transform [ 0.575194 -0.811981 -0.0991952 0 -0.616497 -0.350591 -0.704994 0 -0.537665 -0.466662 0.702241 0 9.7238 -9.77715 4.33352 1  ]
    ObjectInstance "Hoja_A01"
AttributeEnd

AttributeBegin
    Transform [ 0.93925 0.286627 0.188824 0 0.34227 -0.740957 -0.577783 0 0.0256975 -0.607311 0.794048 0 9.88073 -9.86911 4.36452 1  ]
    ObjectInstance "Hoja_A01"
AttributeEnd

AttributeBegin
    Transform [ 0.831137 -0.545334 0.108733 0 -0.511405 -0.826407 -0.23562 0 -0.218349 -0.140226 0.965743 0 9.74058 -9.71313 4.58379 1  ]
    ObjectInstance "Hoja_A01"
AttributeEnd

AttributeBegin
    Transform [ 0.701505 0.684797 0.197341 0 0.568664 -0.370971 -0.734167 0 0.429548 -0.627243 0.649657 0 9.90709 -9.67556 4.58576 1  ]
    ObjectInstance "Hoja_A01"
AttributeEnd

AttributeBegin
    Transform [ -0.795907 -0.556692 -0.23796 0 -0.318641 0.719391 -0.617207 0 -0.514781 0.415416 0.749954 0 9.77027 -9.52169 4.64211 1  ]
    ObjectInstance "Hoja_A01"
AttributeEnd

AttributeBegin
    Transform [ 0.611457 0.77266 0.170638 0 0.738659 -0.480039 -0.473229 0 0.283732 -0.415402 0.864255 0 9.86394 -9.5592 4.8277 1  ]
    ObjectInstance "Hoja_A01"
AttributeEnd

AttributeBegin
    Transform [ -0.940303 -0.192675 -0.280547 0 -0.136531 0.968632 -0.207634 0 -0.311753 0.156936 0.937113 0 9.80107 -9.46233 4.84608 1  ]
    ObjectInstance "Hoja_A01"
AttributeEnd

AttributeBegin
    Transform [ 0.633674 -0.772576 0.0397877 0 -0.577801 -0.506863 -0.639716 0 -0.514396 -0.382382 0.767581 0 9.78814 -9.54885 4.81935 1  ]
    ObjectInstance "Hoja_A01"
AttributeEnd

AttributeBegin
    Transform [ 0.348727 0.908318 0.23097 0 0.910196 -0.269468 -0.314531 0 0.223455 -0.319913 0.920719 0 9.8965 -9.5245 4.83856 1  ]
    ObjectInstance "Hoja_A01"
AttributeEnd

AttributeBegin
    Transform [ -0.977516 0.10406 -0.183399 0 0.176319 0.880396 -0.440244 0 -0.115652 0.462682 0.878948 0 9.68095 -9.61784 4.56961 1  ]
    ObjectInstance "Hoja_A01"
AttributeEnd

AttributeBegin
    Transform [ 0.725914 -0.617049 -0.303806 0 -0.679324 -0.574174 -0.456993 0 -0.10755 -0.538121 0.835978 0 9.56854 -9.76617 4.55128 1  ]
    ObjectInstance "Hoja_A01"
AttributeEnd

AttributeBegin
    Transform [ 0.920069 -0.354791 -0.166119 0 -0.384508 -0.736654 -0.556322 0 -0.0750058 -0.575729 0.814193 0 9.56448 -9.7419 4.61413 1  ]
    ObjectInstance "Hoja_A01"
AttributeEnd

AttributeBegin
    Transform [ 0.998414 -0.0316928 0.0465313 0 -1.621e-7 -0.826502 -0.562933 0 -0.0562991 -0.56204 0.825191 0 9.44119 -9.64408 4.62968 1  ]
    ObjectInstance "Hoja_A01"
AttributeEnd

AttributeBegin
    Transform [ 0.941002 0.109082 -0.320338 0 0 -0.946622 -0.322346 0 0.338401 -0.303328 0.890773 0 9.45708 -9.65694 4.63713 1  ]
    ObjectInstance "Hoja_A01"
AttributeEnd

AttributeBegin
    Transform [ -0.998901 -0.0162184 -0.0439688 0 -0.00357786 0.961862 -0.273511 0 -0.0467278 0.273053 0.960863 0 9.77971 -9.66985 4.56904 1  ]
    ObjectInstance "Hoja_A01"
AttributeEnd

AttributeBegin
    Transform [ 0.890953 -0.394686 -0.224558 0 -0.454053 -0.78107 -0.428679 0 0.00620223 -0.483894 0.875105 0 9.63657 -9.83251 4.6368 1  ]
    ObjectInstance "Hoja_A01"
AttributeEnd

AttributeBegin
    Transform [ 0.460918 0.87598 -0.142179 0 0.736462 -0.466952 -0.489469 0 0.495155 -0.120895 0.860352 0 9.7803 -9.84953 4.65353 1  ]
    ObjectInstance "Hoja_A01"
AttributeEnd

AttributeBegin
    Transform [ -0.574223 -0.81866 0.00799384 0 -0.625694 0.432534 -0.64917 0 -0.527991 0.37777 0.760602 0 9.62473 -9.73144 4.70749 1  ]
    ObjectInstance "Hoja_A01"
AttributeEnd

AttributeBegin
    Transform [ 0.214073 -0.943574 0.252668 0 -0.829679 -0.312162 -0.462805 0 -0.515564 0.110559 0.849689 0 10.2672 -8.54761 3.6477 1  ]
    ObjectInstance "Hoja_A01"
AttributeEnd

AttributeBegin
    Transform [ 0.865172 0.501181 0.0171492 0 0.492792 -0.843361 -0.214239 0 0.0929094 -0.193804 0.976631 0 10.4188 -8.60303 3.73087 1  ]
    ObjectInstance "Hoja_A01"
AttributeEnd

AttributeBegin
    Transform [ 0.996213 -0.0215117 0.084239 0 -1.714e-7 -0.968907 -0.247423 0 -0.0869423 -0.246487 0.965239 0 10.4108 -8.52117 3.74066 1  ]
    ObjectInstance "Hoja_A01"
AttributeEnd

AttributeBegin
    Transform [ 0.955159 0.162571 -0.24747 0 0 -0.835786 -0.549055 0 0.296093 -0.524435 0.798309 0 10.407 -8.52264 3.7873 1  ]
    ObjectInstance "Hoja_A01"
AttributeEnd

AttributeBegin
    Transform [ -0.955228 0.256257 0.147889 0 0.231423 0.958556 -0.166172 0 0.184342 0.124508 0.974944 0 10.4309 -8.42706 3.93996 1  ]
    ObjectInstance "Hoja_A01"
AttributeEnd

AttributeBegin
    Transform [ 0.960123 -0.0702965 0.270597 0 -1.863e-7 -0.967874 -0.251436 0 -0.279579 -0.24141 0.929278 0 10.5244 -8.39114 4.13411 1  ]
    ObjectInstance "Hoja_A01"
AttributeEnd

AttributeBegin
    Transform [ 0.998862 0.0044137 -0.0474937 0 0 -0.995709 -0.0925346 0 0.0476983 -0.0924293 0.994576 0 10.475 -8.43997 4.12685 1  ]
    ObjectInstance "Hoja_A01"
AttributeEnd

AttributeBegin
    Transform [ 0.94755 -0.139649 0.287485 0 -1.639e-7 -0.899492 -0.436938 0 -0.319608 -0.414021 0.852313 0 10.171 -8.18457 3.64405 1  ]
    ObjectInstance "Hoja_A01"
AttributeEnd

AttributeBegin
    Transform [ -0.0506382 -0.993817 -0.0988113 0 -0.522198 0.110684 -0.845611 0 -0.85132 -0.00877881 0.524574 0 10.1349 -8.05203 3.56456 1  ]
    ObjectInstance "Hoja_A01"
AttributeEnd

AttributeBegin
    Transform [ -0.811806 0.571447 0.120083 0 0.266377 0.545417 -0.79471 0 0.51963 0.613162 0.594993 0 10.2519 -7.99179 3.61122 1  ]
    ObjectInstance "Hoja_A01"
AttributeEnd

AttributeBegin
    Transform [ -0.186021 0.972604 0.139416 0 0.821107 0.23181 -0.521582 0 0.539611 -0.0174505 0.841734 0 10.3124 -7.93944 3.61303 1  ]
    ObjectInstance "Hoja_A01"
AttributeEnd

AttributeBegin
    Transform [ -0.916014 -0.282919 -0.284386 0 -0.156256 0.904587 -0.396619 0 -0.369463 0.318871 0.872822 0 10.2429 -7.88782 3.62283 1  ]
    ObjectInstance "Hoja_A01"
AttributeEnd

AttributeBegin
    Transform [ -0.997139 -0.0353267 -0.0668337 0 0.0369888 0.543034 -0.838896 0 -0.0659284 0.838967 0.540173 0 10.2118 -7.86528 3.51743 1  ]
    ObjectInstance "Hoja_A01"
AttributeEnd

AttributeBegin
    Transform [ -0.196253 0.967728 -0.158076 0 0.953442 0.150684 -0.261233 0 0.228983 0.201984 0.952245 0 10.3267 -7.72134 3.50353 1  ]
    ObjectInstance "Hoja_A01"
AttributeEnd

AttributeBegin
    Transform [ -0.759522 0.65015 0.0207816 0 0.477404 0.578847 -0.661076 0 0.441828 0.492181 0.750031 0 10.2757 -7.66809 3.52596 1  ]
    ObjectInstance "Hoja_A01"
AttributeEnd

AttributeBegin
    Transform [ -0.783574 0.614993 0.0882921 0 0.552265 0.754544 -0.354494 0 0.284632 0.229012 0.930881 0 10.1294 -8.17455 3.86961 1  ]
    ObjectInstance "Hoja_A01"
AttributeEnd

AttributeBegin
    Transform [ -0.331577 -0.900464 0.281464 0 -0.858737 0.164522 -0.485287 0 -0.390676 0.402614 0.827813 0 10.03 -8.21373 3.89095 1  ]
    ObjectInstance "Hoja_A01"
AttributeEnd

AttributeBegin
    Transform [ -0.875157 -0.44408 -0.192074 0 -0.326619 0.835113 -0.442613 0 -0.356959 0.324621 0.8759 0 9.98288 -8.12602 3.84336 1  ]
    ObjectInstance "Hoja_A01"
AttributeEnd

AttributeBegin
    Transform [ -0.79715 -0.535526 -0.278863 0 -0.370927 0.798786 -0.473659 0 -0.476409 0.27414 0.835394 0 9.94706 -8.06759 3.93605 1  ]
    ObjectInstance "Hoja_A01"
AttributeEnd

AttributeBegin
    Transform [ -0.957638 0.103675 -0.268665 0 0.252679 0.750038 -0.611225 0 -0.13814 0.653219 0.744461 0 9.90634 -8.04241 4.06393 1  ]
    ObjectInstance "Hoja_A01"
AttributeEnd

AttributeBegin
    Transform [ -0.611463 -0.749915 -0.252468 0 -0.653215 0.658464 -0.373812 0 -0.446569 0.0636559 0.892482 0 9.80997 -8.08351 4.0588 1  ]
    ObjectInstance "Hoja_A01"
AttributeEnd

AttributeBegin
    Transform [ -0.239257 0.950236 0.199519 0 0.958822 0.263611 -0.105694 0 0.153029 -0.166015 0.974177 0 10.4144 -7.95472 4.01722 1  ]
    ObjectInstance "Hoja_A01"
AttributeEnd

AttributeBegin
