#############################################

AttributeBegin
    ObjectBegin "Hoja_C01-b3"

    AttributeBegin
        Transform [ 1 0 0 0 0 1 0 0 0 0 1 0 0 0 0 1  ]
        NamedMaterial "Leave A_c"
        Shape "plymesh"
            "string filename" [ "geometry/hojas_b3_00001.ply" ]
            "texture alpha" [ "Leave A_c_Alpha" ]
    AttributeEnd
    ObjectEnd
AttributeEnd

AttributeBegin
    Transform [ 0.989901 0.135405 -0.0419746 0 0.107953 -0.911932 -0.395886 0 0.0918829 -0.387357 0.91734 0 16.8433 -6.8752 6.47001 1  ]
    ObjectInstance "Hoja_C01-b3"
AttributeEnd

AttributeBegin
    Transform [ -0.124054 0.967513 -0.220295 0 0.871343 2.608e-7 -0.490675 0 0.474734 0.252822 0.843035 0 16.7755 -6.97821 6.51202 1  ]
    ObjectInstance "Hoja_C01-b3"
AttributeEnd

AttributeBegin
    Transform [ 0.402374 -0.890712 0.211488 0 -0.665251 -0.443188 -0.600854 0 -0.628917 -0.101075 0.770874 0 16.7285 -6.8173 6.54463 1  ]
    ObjectInstance "Hoja_C01-b3"
AttributeEnd

AttributeBegin
    Transform [ 0.569784 -0.777416 0.266402 0 -0.654472 -0.62532 -0.42502 0 -0.497004 -0.0678168 0.865094 0 16.8012 -6.70449 6.61877 1  ]
    ObjectInstance "Hoja_C01-b3"
AttributeEnd

AttributeBegin
    Transform [ -0.30805 -0.951175 0.0192924 0 -0.916404 0.29122 -0.274581 0 -0.255556 0.102264 0.96137 0 16.6748 -6.69555 6.60428 1  ]
    ObjectInstance "Hoja_C01-b3"
AttributeEnd

AttributeBegin
    Transform [ -0.398387 0.899818 0.177809 0 0.623813 0.407927 -0.666673 0 0.672417 0.154674 0.723831 0 16.6128 -7.23147 6.47391 1  ]
    ObjectInstance "Hoja_C01-b3"
AttributeEnd

AttributeBegin
    Transform [ -0.78456 -0.602311 0.147265 0 -0.618414 0.742844 -0.256414 0 -0.0450462 0.292242 0.955283 0 16.5393 -7.12401 6.50064 1  ]
    ObjectInstance "Hoja_C01-b3"
AttributeEnd

AttributeBegin
    Transform [ -0.917256 -0.391213 -0.0747959 0 -0.172051 0.558538 -0.811439 0 -0.359222 0.731429 0.579631 0 16.5139 -7.09114 6.49675 1  ]
    ObjectInstance "Hoja_C01-b3"
AttributeEnd

AttributeBegin
    Transform [ 0.533276 0.78878 -0.305683 0 0.694985 -0.61453 -0.373295 0 0.482299 0.0133753 0.875905 0 16.7078 -7.17728 6.583 1  ]
    ObjectInstance "Hoja_C01-b3"
AttributeEnd

AttributeBegin
    Transform [ -0.592187 0.803201 -0.0646697 0 0.735115 0.505627 -0.451604 0 0.33003 0.314974 0.889872 0 16.5631 -7.23554 6.6218 1  ]
    ObjectInstance "Hoja_C01-b3"
AttributeEnd

AttributeBegin
    Transform [ -0.71818 0.692788 -0.065275 0 0.695817 0.713971 -0.077994 0 0.0074289 0.101433 0.994814 0 16.4932 -7.18778 6.65442 1  ]
    ObjectInstance "Hoja_C01-b3"
AttributeEnd

AttributeBegin
    Transform [ -0.546659 -0.824997 -0.143332 0 -0.551435 0.4835 -0.679814 0 -0.630145 0.292589 0.719242 0 16.4418 -7.06549 6.6397 1  ]
    ObjectInstance "Hoja_C01-b3"
AttributeEnd

AttributeBegin
    Transform [ -0.0839733 0.99646 -0.00395297 0 0.76703 0.0621055 -0.638599 0 0.636092 0.0566572 0.76953 0 16.6178 -7.19643 6.71285 1  ]
    ObjectInstance "Hoja_C01-b3"
AttributeEnd

AttributeBegin
    Transform [ 0.780938 -0.602516 -0.16465 0 -0.612943 -0.688542 -0.38757 0 -0.120148 -0.403589 0.907017 0 16.6317 -7.03128 6.71479 1  ]
    ObjectInstance "Hoja_C01-b3"
AttributeEnd

AttributeBegin
    Transform [ -0.983704 0.11243 -0.140309 0 0.179513 0.657978 -0.731327 0 -0.0100971 0.744597 0.667438 0 16.468 -7.21958 6.70294 1  ]
    ObjectInstance "Hoja_C01-b3"
AttributeEnd

AttributeBegin
    Transform [ 0.62839 -0.765275 0.139573 0 -0.687346 -0.630246 -0.361035 0 -0.364256 -0.130936 0.922048 0 16.5627 -7.06537 6.87262 1  ]
    ObjectInstance "Hoja_C01-b3"
AttributeEnd

AttributeBegin
    Transform [ 0.00744721 0.99038 0.138174 0 0.998551 -1.518e-7 -0.053818 0 0.0533003 -0.138375 0.988945 0 16.5161 -7.24629 6.86673 1  ]
    ObjectInstance "Hoja_C01-b3"
AttributeEnd

AttributeBegin
    Transform [ 0.973099 -0.177398 -0.146996 0 -0.21827 -0.914072 -0.341804 0 0.0737299 -0.364695 0.928204 0 16.6626 -7.0122 6.51861 1  ]
    ObjectInstance "Hoja_C01-b3"
AttributeEnd

AttributeBegin
    Transform [ 0.808587 -0.58836 -0.00435541 0 -0.407616 -0.55482 -0.725275 0 -0.424307 -0.588224 0.688445 0 16.6723 -6.92064 6.46452 1  ]
    ObjectInstance "Hoja_C01-b3"
AttributeEnd

AttributeBegin
    Transform [ 0.00402637 0.999708 0.0238461 0 0.986043 0 -0.16649 0 0.166441 -0.0241836 0.985755 0 16.5887 -6.90766 6.51378 1  ]
    ObjectInstance "Hoja_C01-b3"
AttributeEnd

AttributeBegin
    Transform [ 0.0965591 -0.995282 0.00952559 0 -0.86717 -0.0888201 -0.490027 0 -0.488561 -0.0390563 0.871655 0 16.5857 -6.83788 6.54015 1  ]
    ObjectInstance "Hoja_C01-b3"
AttributeEnd

AttributeBegin
    Transform [ 0.947153 0.256384 -0.192791 0 0.017808 -0.642101 -0.766413 0 0.320287 -0.722478 0.612733 0 16.6975 -6.88379 6.56015 1  ]
    ObjectInstance "Hoja_C01-b3"
AttributeEnd

AttributeBegin
    Transform [ -0.90628 -0.404954 -0.121115 0 -0.335313 0.863264 -0.37728 0 -0.257335 0.30131 0.918146 0 16.4337 -6.90994 6.55947 1  ]
    ObjectInstance "Hoja_C01-b3"
AttributeEnd

AttributeBegin
    Transform [ -0.879054 -0.393277 0.269439 0 -0.475683 0.760907 -0.4413 0 0.0314648 0.516094 0.855954 0 16.4609 -6.85787 6.55063 1  ]
    ObjectInstance "Hoja_C01-b3"
AttributeEnd

AttributeBegin
    Transform [ -0.441924 0.88014 -0.173367 0 0.88528 0.396694 -0.242722 0 0.144855 0.260743 0.954479 0 16.5563 -6.97009 6.60018 1  ]
    ObjectInstance "Hoja_C01-b3"
AttributeEnd

AttributeBegin
    Transform [ 0.851248 -0.492803 -0.180337 0 -0.523105 -0.76958 -0.366206 0 -0.0416838 -0.406068 0.912892 0 17.5629 -8.23951 6.01116 1  ]
    ObjectInstance "Hoja_C01-b3"
AttributeEnd

AttributeBegin
    Transform [ -0.128327 0.980949 0.145846 0 0.713025 0.193474 -0.673916 0 0.689295 -0.0175107 0.724269 0 17.5271 -8.40059 6.02939 1  ]
    ObjectInstance "Hoja_C01-b3"
AttributeEnd

AttributeBegin
    Transform [ -0.264809 0.945335 0.19031 0 0.779828 0.326028 -0.534392 0 0.567225 -0.0068974 0.823534 0 17.5473 -8.45941 5.99914 1  ]
    ObjectInstance "Hoja_C01-b3"
AttributeEnd

AttributeBegin
    Transform [ -0.855585 0.497899 -0.141673 0 0.419221 0.505875 -0.753886 0 0.30369 0.704406 0.641548 0 17.4524 -8.42836 6.04902 1  ]
    ObjectInstance "Hoja_C01-b3"
AttributeEnd

AttributeBegin
    Transform [ 0.491991 0.870424 -0.0175296 0 0.797584 -0.458708 -0.391723 0 0.349006 -0.178743 0.919916 0 17.6194 -8.38262 6.10935 1  ]
    ObjectInstance "Hoja_C01-b3"
AttributeEnd

AttributeBegin
    Transform [ -0.875784 -0.403048 -0.265621 0 -0.356342 0.911029 -0.207475 0 -0.325611 0.0870515 0.941488 0 17.4606 -8.33152 6.12032 1  ]
    ObjectInstance "Hoja_C01-b3"
AttributeEnd

AttributeBegin
    Transform [ -0.0391765 0.99807 -0.0481805 0 0.933359 0.0193341 -0.358423 0 0.356799 0.0590115 0.932315 0 17.5498 -8.48213 6.08449 1  ]
    ObjectInstance "Hoja_C01-b3"
AttributeEnd

AttributeBegin
    Transform [ 0.737697 -0.627752 -0.248457 0 -0.60788 -0.457478 -0.648997 0 -0.293746 -0.629795 0.719077 0 17.5655 -8.31988 6.21538 1  ]
    ObjectInstance "Hoja_C01-b3"
AttributeEnd

AttributeBegin
    Transform [ 0.0128418 0.999753 0.0181468 0 0.816286 0 -0.577648 0 0.577505 -0.022231 0.816084 0 17.4657 -8.49416 6.207 1  ]
    ObjectInstance "Hoja_C01-b3"
AttributeEnd

AttributeBegin
    Transform [ -0.210487 0.974306 -0.0801447 0 0.867553 0.148377 -0.474696 0 0.450607 0.169447 0.876494 0 17.5366 -8.46771 6.26206 1  ]
    ObjectInstance "Hoja_C01-b3"
AttributeEnd

AttributeBegin
    Transform [ -0.898788 -0.43124 -0.0788161 0 -0.376643 0.851622 -0.364527 0 -0.22432 0.297947 0.927851 0 17.4377 -8.41667 6.29353 1  ]
    ObjectInstance "Hoja_C01-b3"
AttributeEnd

AttributeBegin
    Transform [ -0.954542 -0.178094 0.239022 0 -0.244786 0.925923 -0.287659 0 0.170085 0.333092 0.927427 0 17.231 -8.21069 6.0608 1  ]
    ObjectInstance "Hoja_C01-b3"
AttributeEnd

AttributeBegin
    Transform [ -0.90686 0.417868 -0.0546993 0 0.285731 0.514241 -0.808649 0 0.30978 0.748961 0.585742 0 17.2028 -8.32839 6.01635 1  ]
    ObjectInstance "Hoja_C01-b3"
AttributeEnd

AttributeBegin
    Transform [ -0.837163 -0.502152 0.216796 0 -0.511898 0.579712 -0.633952 0 -0.192661 0.641699 0.742364 0 17.1626 -8.23842 6.04725 1  ]
    ObjectInstance "Hoja_C01-b3"
AttributeEnd

AttributeBegin
    Transform [ 0.197993 -0.978602 0.0560117 0 -0.94219 -0.205763 -0.264463 0 -0.270329 0.000411867 0.962768 0 17.2128 -8.09207 6.00951 1  ]
    ObjectInstance "Hoja_C01-b3"
AttributeEnd

AttributeBegin
    Transform [ -0.831925 -0.554145 0.0287122 0 -0.504927 0.734547 -0.453309 0 -0.230109 0.391617 0.890891 0 17.1367 -8.1561 5.9966 1  ]
    ObjectInstance "Hoja_C01-b3"
AttributeEnd

AttributeBegin
    Transform [ -0.80224 -0.579396 0.143913 0 -0.359781 0.276843 -0.891019 0 -0.476412 0.766589 0.43055 0 17.0906 -8.11994 6.01811 1  ]
    ObjectInstance "Hoja_C01-b3"
AttributeEnd

AttributeBegin
    Transform [ -0.97186 0.221839 -0.0792178 0 0.233755 0.949781 -0.208026 0 -0.0290914 0.220689 0.97491 0 17.3579 -8.19064 6.27174 1  ]
    ObjectInstance "Hoja_C01-b3"
AttributeEnd

AttributeBegin
    Transform [ -0.482972 -0.871166 0.088367 0 -0.773151 0.376892 -0.510089 0 -0.411067 0.31468 0.85557 0 17.3444 -8.02019 6.21139 1  ]
    ObjectInstance "Hoja_C01-b3"
AttributeEnd

AttributeBegin
    Transform [ 0.3354 0.902501 -0.270182 0 0.92507 -0.369756 -0.0867461 0 0.17819 0.220843 0.958893 0 17.471 -8.14828 6.34956 1  ]
    ObjectInstance "Hoja_C01-b3"
AttributeEnd

AttributeBegin
    Transform [ -0.368989 -0.913574 -0.170968 0 -0.628643 0.380804 -0.678082 0 -0.684583 0.142728 0.714825 0 17.3753 -7.97778 6.30321 1  ]
    ObjectInstance "Hoja_C01-b3"
AttributeEnd

AttributeBegin
    Transform [ 0.819987 -0.564568 -0.0942508 0 -0.560841 -0.75959 -0.329364 0 -0.114356 -0.322934 0.939488 0 17.4928 -7.94796 6.31344 1  ]
    ObjectInstance "Hoja_C01-b3"
AttributeEnd

AttributeBegin
    Transform [ -0.971755 -0.17885 -0.153964 0 -0.155703 0.976161 -0.151215 0 -0.177339 0.122971 0.976437 0 17.3779 -8.08368 6.37154 1  ]
    ObjectInstance "Hoja_C01-b3"
AttributeEnd

AttributeBegin
    Transform [ 0.807855 -0.555341 0.197401 0 -0.362511 -0.732272 -0.57651 0 -0.46471 -0.394177 0.792887 0 17.5232 -7.99456 6.38112 1  ]
    ObjectInstance "Hoja_C01-b3"
AttributeEnd

AttributeBegin
    Transform [ 0.0487721 0.990306 0.130057 0 0.936328 0 -0.351128 0 0.347724 -0.138901 0.927251 0 17.3866 -8.10071 6.37111 1  ]
    ObjectInstance "Hoja_C01-b3"
AttributeEnd

AttributeBegin
    Transform [ -0.985537 0.169204 0.00934557 0 0.110446 0.68317 -0.721859 0 0.128526 0.710386 0.691977 0 17.3645 -8.06187 6.44111 1  ]
    ObjectInstance "Hoja_C01-b3"
AttributeEnd

AttributeBegin
    Transform [ 0.53507 -0.8443 -0.0292712 0 -0.692794 -0.418699 -0.587135 0 -0.483463 -0.334438 0.808959 0 17.4504 -7.92839 6.46941 1  ]
    ObjectInstance "Hoja_C01-b3"
AttributeEnd

AttributeBegin
    Transform [ 0.780172 -0.59974 -0.177887 0 -0.463921 -0.363932 -0.80767 0 -0.419653 -0.712647 0.562162 0 17.4708 -7.86409 6.39313 1  ]
    ObjectInstance "Hoja_C01-b3"
AttributeEnd

AttributeBegin
    Transform [ 0.339038 -0.894094 0.29266 0 -0.787187 -0.43996 -0.432172 0 -0.515161 0.083855 0.852982 0 17.5096 -7.87101 6.46262 1  ]
    ObjectInstance "Hoja_C01-b3"
AttributeEnd

AttributeBegin
    Transform [ 0.906212 0.413562 -0.0880155 0 0.309641 -0.790847 -0.527905 0 0.287928 -0.451141 0.84473 0 17.5943 -7.95496 6.46121 1  ]
    ObjectInstance "Hoja_C01-b3"
AttributeEnd

AttributeBegin
    Transform [ -0.715608 -0.6877 0.122364 0 -0.593277 0.505943 -0.626135 0 -0.368684 0.520663 0.770053 0 17.4227 -7.81912 6.53768 1  ]
    ObjectInstance "Hoja_C01-b3"
AttributeEnd

AttributeBegin
    Transform [ -0.783115 -0.591811 0.191024 0 -0.621877 0.745031 -0.241244 0 -0.000451744 0.307715 0.951478 0 17.4103 -7.82208 6.51996 1  ]
    ObjectInstance "Hoja_C01-b3"
AttributeEnd

AttributeBegin
    Transform [ 0.210536 0.9684 0.133702 0 0.853626 -0.115457 -0.507929 0 0.476442 -0.22107 0.850959 0 17.3724 -8.31515 6.33981 1  ]
    ObjectInstance "Hoja_C01-b3"
AttributeEnd

AttributeBegin
    Transform [ -0.777346 0.626055 -0.0615475 0 0.53472 0.606046 -0.588883 0 0.331373 0.490677 0.805871 0 17.2746 -8.32456 6.3981 1  ]
    ObjectInstance "Hoja_C01-b3"
AttributeEnd

AttributeBegin
    Transform [ -0.97891 -0.203802 0.0141134 0 -0.128115 0.558619 -0.81947 0 -0.159125 0.803996 0.572948 0 17.1589 -8.28592 6.40534 1  ]
    ObjectInstance "Hoja_C01-b3"
AttributeEnd

AttributeBegin
    Transform [ -0.794739 0.602475 0.0735781 0 0.418881 0.632164 -0.651849 0 0.439236 0.48723 0.754771 0 17.2178 -8.38818 6.46354 1  ]
    ObjectInstance "Hoja_C01-b3"
AttributeEnd

AttributeBegin
    Transform [ 0.0940029 -0.988552 -0.118019 0 -0.469281 0.0605503 -0.880971 0 -0.878031 -0.138198 0.458217 0 17.1538 -7.88754 6.4064 1  ]
    ObjectInstance "Hoja_C01-b3"
AttributeEnd

AttributeBegin
    Transform [ -0.785089 -0.583505 0.207741 0 -0.596516 0.622015 -0.507214 0 -0.166743 0.522129 0.836408 0 17.107 -7.92477 6.44527 1  ]
    ObjectInstance "Hoja_C01-b3"
AttributeEnd

AttributeBegin
    Transform [ -0.476088 -0.861608 0.175991 0 -0.851123 0.401119 -0.338665 0 -0.221203 0.311024 0.924302 0 17.1485 -7.84278 6.46936 1  ]
    ObjectInstance "Hoja_C01-b3"
AttributeEnd

AttributeBegin
    Transform [ -0.789366 -0.574283 -0.217027 0 -0.480081 0.797758 -0.364835 0 -0.382654 0.183798 0.905425 0 17.0774 -7.92748 6.47143 1  ]
    ObjectInstance "Hoja_C01-b3"
AttributeEnd

AttributeBegin
    Transform [ 0.456154 0.889668 0.0203414 0 0.800722 -0.400361 -0.445596 0 0.388288 -0.219548 0.895003 0 17.1011 -7.8748 6.51201 1  ]
    ObjectInstance "Hoja_C01-b3"
AttributeEnd

AttributeBegin
    Transform [ 0.219096 -0.959853 0.175154 0 -0.848346 -0.276081 -0.451762 0 -0.481982 0.0496124 0.874775 0 17.1357 -7.79729 6.46144 1  ]
    ObjectInstance "Hoja_C01-b3"
AttributeEnd

AttributeBegin
    Transform [ 0.0145392 0.999388 0.0318061 0 0.909484 0 -0.415739 0 0.415485 -0.0349716 0.908928 0 17.0515 -7.87204 6.50249 1  ]
    ObjectInstance "Hoja_C01-b3"
AttributeEnd

AttributeBegin
    Transform [ -0.990238 0.120681 0.0697527 0 0.0567271 0.806009 -0.589179 0 0.127324 0.579471 0.804986 0 17.0696 -7.92301 6.54632 1  ]
    ObjectInstance "Hoja_C01-b3"
AttributeEnd

AttributeBegin
    Transform [ 0.664988 -0.728025 -0.166646 0 -0.58974 -0.37495 -0.715275 0 -0.458254 -0.573928 0.678683 0 17.0949 -7.71405 6.52084 1  ]
    ObjectInstance "Hoja_C01-b3"
AttributeEnd

AttributeBegin
    Transform [ -0.740833 -0.670978 0.0308997 0 -0.571178 0.605102 -0.554623 0 -0.353442 0.428533 0.831528 0 16.9424 -7.7507 6.57704 1  ]
    ObjectInstance "Hoja_C01-b3"
AttributeEnd

AttributeBegin
    Transform [ -0.95598 -0.29343 -0.00123268 0 -0.155936 0.511582 -0.844966 0 -0.248569 0.807579 0.534818 0 16.9236 -7.79537 6.54391 1  ]
    ObjectInstance "Hoja_C01-b3"
AttributeEnd

AttributeBegin
    Transform [ -0.981755 -0.015706 0.189502 0 -0.0831977 0.931609 -0.353812 0 0.170984 0.363122 0.915918 0 17.2147 -8.00266 6.72519 1  ]
    ObjectInstance "Hoja_C01-b3"
AttributeEnd

AttributeBegin
    Transform [ 0.716588 0.679483 -0.157496 0 0.586001 -0.708956 -0.392407 0 0.378292 -0.188901 0.906208 0 17.385 -8.00395 6.72856 1  ]
    ObjectInstance "Hoja_C01-b3"
AttributeEnd

AttributeBegin
    Transform [ 0.642962 -0.746384 0.171784 0 -0.641001 -0.647161 -0.412674 0 -0.419186 -0.15522 0.894533 0 17.3431 -7.81708 6.70213 1  ]
    ObjectInstance "Hoja_C01-b3"
AttributeEnd

AttributeBegin
    Transform [ -0.151002 0.983579 -0.0988478 0 0.912182 0.100106 -0.397371 0 0.38095 0.150171 0.912319 0 17.3838 -8.0266 6.74013 1  ]
    ObjectInstance "Hoja_C01-b3"
AttributeEnd

AttributeBegin
    Transform [ -0.972152 0.225649 0.0632735 0 0.112644 0.686679 -0.718181 0 0.205506 0.691054 0.692974 0 17.2415 -7.96299 6.79189 1  ]
    ObjectInstance "Hoja_C01-b3"
AttributeEnd

AttributeBegin
    Transform [ 0.0461565 -0.957475 0.284802 0 -0.882493 -0.172672 -0.437483 0 -0.468056 0.231143 0.852934 0 17.2961 -7.82911 6.82083 1  ]
    ObjectInstance "Hoja_C01-b3"
AttributeEnd

AttributeBegin
    Transform [ 0.935803 0.352255 -0.0137711 0 0.253495 -0.699555 -0.668104 0 0.244977 -0.621723 0.74394 0 17.4728 -7.85867 6.80693 1  ]
    ObjectInstance "Hoja_C01-b3"
AttributeEnd

AttributeBegin
    Transform [ 0.557026 -0.815419 -0.157522 0 -0.809901 -0.491376 -0.320328 0 -0.183799 -0.306008 0.934118 0 17.4056 -7.8291 6.83675 1  ]
    ObjectInstance "Hoja_C01-b3"
AttributeEnd

AttributeBegin
    Transform [ 0.574266 0.814032 -0.0870094 0 0.769892 -0.57313 -0.280693 0 0.278361 -0.0942047 0.955846 0 17.5146 -7.90837 6.92875 1  ]
    ObjectInstance "Hoja_C01-b3"
AttributeEnd

AttributeBegin
    Transform [ 0.657539 -0.716255 -0.233713 0 -0.724228 -0.515368 -0.458138 0 -0.207695 -0.470505 0.857606 0 17.4619 -7.74725 6.92274 1  ]
    ObjectInstance "Hoja_C01-b3"
AttributeEnd

AttributeBegin
    Transform [ -0.93032 -0.3486 0.113946 0 -0.331951 0.668281 -0.66574 0 -0.155929 0.657175 0.737433 0 17.0032 -7.94941 6.74154 1  ]
    ObjectInstance "Hoja_C01-b3"
AttributeEnd

AttributeBegin
    Transform [ 0.0661384 0.991721 0.110065 0 0.857153 -2.31e-7 -0.515062 0 0.510798 -0.128408 0.850057 0 17.0316 -7.95749 6.81802 1  ]
    ObjectInstance "Hoja_C01-b3"
AttributeEnd

AttributeBegin
    Transform [ -0.477567 -0.858225 0.188092 0 -0.59194 0.156093 -0.790723 0 -0.649258 0.488963 0.582563 0 17.0347 -7.82061 6.8032 1  ]
    ObjectInstance "Hoja_C01-b3"
AttributeEnd

AttributeBegin
    Transform [ -0.204633 -0.977348 0.054008 0 -0.691397 0.105264 -0.714766 0 -0.692889 0.183605 0.697276 0 17.0022 -7.84611 6.81464 1  ]
    ObjectInstance "Hoja_C01-b3"
AttributeEnd

AttributeBegin
    Transform [ -0.901334 0.428387 -0.0638903 0 0.317803 0.553891 -0.769549 0 0.294276 0.713925 0.635384 0 16.9625 -8.01792 6.8354 1  ]
    ObjectInstance "Hoja_C01-b3"
AttributeEnd

AttributeBegin
    Transform [ -0.140714 -0.95513 -0.260629 0 -0.834474 0.256081 -0.48793 0 -0.532779 -0.148829 0.833065 0 16.861 -7.87917 6.94988 1  ]
    ObjectInstance "Hoja_C01-b3"
AttributeEnd

AttributeBegin
    Transform [ -0.466723 -0.874917 -0.129185 0 -0.658478 0.441281 -0.609654 0 -0.590405 0.199474 0.78207 0 16.8245 -7.90665 6.91397 1  ]
    ObjectInstance "Hoja_C01-b3"
AttributeEnd

AttributeBegin
    Transform [ 0.973231 -0.20458 -0.104726 0 -0.228903 -0.821998 -0.521463 0 -0.0205963 -0.531476 0.846823 0 17.2804 -7.76792 6.86212 1  ]
    ObjectInstance "Hoja_C01-b3"
AttributeEnd

AttributeBegin
    Transform [ 0.285866 0.930622 -0.228526 0 0.868802 -0.352315 -0.347933 0 0.404308 0.0990819 0.90924 0 17.2776 -7.88208 6.8973 1  ]
    ObjectInstance "Hoja_C01-b3"
AttributeEnd

AttributeBegin
    Transform [ -0.0543852 0.99169 -0.116594 0 0.906258 -1.341e-7 -0.422724 0 0.419211 0.128654 0.898727 0 17.1597 -7.71724 6.86262 1  ]
    ObjectInstance "Hoja_C01-b3"
AttributeEnd

AttributeBegin
    Transform [ -0.837109 -0.524926 -0.153955 0 -0.409597 0.788003 -0.459653 0 -0.362601 0.32172 0.874653 0 17.0623 -7.79302 6.84491 1  ]
    ObjectInstance "Hoja_C01-b3"
AttributeEnd

AttributeBegin
    Transform [ 0.165149 -0.982832 -0.0822615 0 -0.621965 -0.0390533 -0.78207 0 -0.765431 -0.180322 0.617737 0 17.189 -7.67075 6.85823 1  ]
    ObjectInstance "Hoja_C01-b3"
AttributeEnd

AttributeBegin
    Transform [ -0.956995 0.135162 0.256694 0 -0.0689149 0.753587 -0.653726 0 0.2818 0.643302 0.711864 0 17.0998 -7.79947 6.91027 1  ]
    ObjectInstance "Hoja_C01-b3"
AttributeEnd

AttributeBegin
    Transform [ 0.42074 -0.902282 -0.0941487 0 -0.736153 -0.278927 -0.616667 0 -0.530147 -0.328765 0.781574 0 17.1792 -7.67959 6.9033 1  ]
    ObjectInstance "Hoja_C01-b3"
AttributeEnd

AttributeBegin
    Transform [ -0.0180641 0.97378 -0.226775 0 0.996842 -2.608e-7 -0.0794059 0 0.0773239 0.227493 0.970705 0 17.2441 -7.70803 6.9197 1  ]
    ObjectInstance "Hoja_C01-b3"
AttributeEnd

AttributeBegin
    Transform [ 0.920532 -0.360893 -0.149589 0 -0.387248 -0.792386 -0.471341 0 -0.0515717 -0.491813 0.869172 0 17.2678 -7.64909 6.87988 1  ]
    ObjectInstance "Hoja_C01-b3"
AttributeEnd

AttributeBegin
    Transform [ -0.582889 0.812436 -0.0137086 0 0.791145 0.563606 -0.237567 0 0.185281 0.149321 0.971275 0 17.1546 -7.98218 6.94452 1  ]
    ObjectInstance "Hoja_C01-b3"
AttributeEnd

AttributeBegin
    Transform [ 0.934819 0.352301 -0.0446976 0 0.255732 -0.755158 -0.603603 0 0.246404 -0.552829 0.796031 0 17.2585 -7.84925 7.01897 1  ]
    ObjectInstance "Hoja_C01-b3"
AttributeEnd

AttributeBegin
    Transform [ -0.962037 0.175995 -0.208593 0 0.21739 0.956245 -0.195797 0 -0.165007 0.23371 0.958203 0 17.039 -7.9294 7.11592 1  ]
    ObjectInstance "Hoja_C01-b3"
AttributeEnd

AttributeBegin
    Transform [ 0.953345 0.199742 0.226354 0 0.261804 -0.920366 -0.290491 0 -0.150305 -0.336199 0.92972 0 17.2649 -7.91955 7.21787 1  ]
    ObjectInstance "Hoja_C01-b3"
AttributeEnd

AttributeBegin
    Transform [ -0.832213 0.552672 -0.0444518 0 0.440207 0.609858 -0.659007 0 0.337106 0.568002 0.750822 0 17.121 -8.02842 7.20761 1  ]
    ObjectInstance "Hoja_C01-b3"
AttributeEnd

AttributeBegin
    Transform [ -0.326644 -0.903098 -0.27878 0 -0.720147 0.42884 -0.545422 0 -0.612121 -0.0226038 0.790441 0 17.0248 -7.794 6.88832 1  ]
    ObjectInstance "Hoja_C01-b3"
AttributeEnd

AttributeBegin
    Transform [ 0.241454 -0.966341 0.0887925 0 -0.945144 -0.254924 -0.204247 0 -0.220007 0.0346057 0.974884 0 17.1562 -7.71161 6.95346 1  ]
    ObjectInstance "Hoja_C01-b3"
AttributeEnd

AttributeBegin
    Transform [ 0.801783 0.547741 -0.239004 0 0.385543 -0.779665 -0.493436 0 0.456618 -0.303483 0.8363 0 17.2585 -7.8016 6.97585 1  ]
    ObjectInstance "Hoja_C01-b3"
AttributeEnd

AttributeBegin
    Transform [ 0.0790694 -0.991274 0.105466 0 -0.897664 -0.116811 -0.424916 0 -0.433528 0.0610752 0.899068 0 17.0987 -7.75649 6.99773 1  ]
    ObjectInstance "Hoja_C01-b3"
AttributeEnd

AttributeBegin
    Transform [ 0.652711 -0.757024 -0.0297254 0 -0.533541 -0.431458 -0.727446 0 -0.537869 -0.490672 0.685521 0 17.1048 -7.6812 7.01786 1  ]
    ObjectInstance "Hoja_C01-b3"
AttributeEnd

AttributeBegin
    Transform [ 0.289197 0.924198 0.249445 0 0.946126 -0.236311 -0.221367 0 0.14564 -0.300025 0.942748 0 17.1983 -7.87338 7.05419 1  ]
    ObjectInstance "Hoja_C01-b3"
AttributeEnd

AttributeBegin
    Transform [ -0.370427 0.925358 -0.0806105 0 0.752295 0.247977 -0.610377 0 0.544827 0.286743 0.787999 0 17.1168 -8.40971 5.3805 1  ]
    ObjectInstance "Hoja_C01-b3"
AttributeEnd

AttributeBegin
    Transform [ 0.596744 0.75807 0.263108 0 0.771256 -0.451343 -0.448836 0 0.221497 -0.470764 0.854003 0 17.1875 -8.39229 5.40993 1  ]
    ObjectInstance "Hoja_C01-b3"
AttributeEnd

AttributeBegin
    Transform [ -0.452308 -0.859219 -0.239084 0 -0.858952 0.491823 -0.142516 0 -0.240039 -0.1409 0.960483 0 16.9593 -8.19039 5.4491 1  ]
    ObjectInstance "Hoja_C01-b3"
AttributeEnd

AttributeBegin
    Transform [ -0.952422 -0.30297 -0.0331823 0 -0.210866 0.733634 -0.646 0 -0.220062 0.608268 0.762616 0 16.907 -8.34442 5.43203 1  ]
    ObjectInstance "Hoja_C01-b3"
AttributeEnd

AttributeBegin
    Transform [ -0.386318 -0.907837 0.163065 0 -0.703993 0.175986 -0.688057 0 -0.595946 0.380606 0.707098 0 16.9501 -8.17985 5.37664 1  ]
    ObjectInstance "Hoja_C01-b3"
AttributeEnd

AttributeBegin
    Transform [ 0.0338373 0.992002 0.121602 0 0.963398 -1.714e-7 -0.268076 0 0.265932 -0.126222 0.955692 0 16.9102 -8.18775 5.43188 1  ]
    ObjectInstance "Hoja_C01-b3"
AttributeEnd

AttributeBegin
    Transform [ -0.975941 -0.158472 -0.149753 0 -0.0921676 0.922294 -0.375338 0 -0.197597 0.352506 0.91471 0 16.8539 -8.29204 5.42078 1  ]
    ObjectInstance "Hoja_C01-b3"
AttributeEnd

AttributeBegin
    Transform [ -0.908745 0.382095 -0.167889 0 0.383128 0.604214 -0.698669 0 0.165518 0.699235 0.695467 0 16.8284 -8.35742 5.32992 1  ]
    ObjectInstance "Hoja_C01-b3"
AttributeEnd

AttributeBegin
    Transform [ -0.814428 -0.580144 0.011837 0 -0.35036 0.475382 -0.807006 0 -0.462553 0.661396 0.590424 0 16.7865 -8.26621 5.32301 1  ]
    ObjectInstance "Hoja_C01-b3"
AttributeEnd

AttributeBegin
    Transform [ 0.219459 0.950613 -0.219482 0 0.673391 -0.310377 -0.670977 0 0.705962 0.000545379 0.708249 0 16.9711 -8.35266 5.25934 1  ]
    ObjectInstance "Hoja_C01-b3"
AttributeEnd

AttributeBegin
    Transform [ 0.505418 -0.855557 0.112136 0 -0.616602 -0.449014 -0.646675 0 -0.603618 -0.257698 0.754478 0 16.8631 -8.14744 5.30111 1  ]
    ObjectInstance "Hoja_C01-b3"
AttributeEnd

AttributeBegin
    Transform [ -0.815071 -0.551254 0.178265 0 -0.454342 0.417257 -0.787064 0 -0.35949 0.722506 0.590552 0 16.7576 -8.19029 5.28312 1  ]
    ObjectInstance "Hoja_C01-b3"
AttributeEnd

AttributeBegin
    Transform [ 0.0103187 0.999849 0.0139699 0 0.80438 -4.023e-7 -0.594115 0 0.594025 -0.0173676 0.804259 0 16.6459 -8.22535 5.25849 1  ]
    ObjectInstance "Hoja_C01-b3"
AttributeEnd

AttributeBegin
    Transform [ -0.936951 0.242987 0.251156 0 0.152868 0.931273 -0.330697 0 0.31425 0.271454 0.909703 0 16.6501 -8.28666 5.24659 1  ]
    ObjectInstance "Hoja_C01-b3"
AttributeEnd

AttributeBegin
    Transform [ -0.79682 -0.558711 0.230043 0 -0.598469 0.782188 -0.173252 0 0.0831389 0.275724 0.957635 0 16.6543 -8.20853 5.23787 1  ]
    ObjectInstance "Hoja_C01-b3"
AttributeEnd

AttributeBegin
    Transform [ -0.973805 0.0571522 0.220085 0 -0.111873 0.722227 -0.682549 0 0.197961 0.689291 0.696914 0 16.6465 -8.25092 5.22188 1  ]
    ObjectInstance "Hoja_C01-b3"
AttributeEnd

AttributeBegin
    Transform [ -0.499541 -0.843283 -0.198323 0 -0.586481 0.4977 -0.639011 0 -0.637572 0.202899 0.743191 0 16.8528 -8.18961 5.73887 1  ]
    ObjectInstance "Hoja_C01-b3"
AttributeEnd

AttributeBegin
    Transform [ -0.0219823 0.99786 -0.0615732 0 0.941779 -3.8e-7 -0.336232 0 0.335513 0.0653795 0.939764 0 16.8324 -8.15361 5.77252 1  ]
    ObjectInstance "Hoja_C01-b3"
AttributeEnd

AttributeBegin
    Transform [ -0.978477 -0.104752 0.177793 0 -0.202858 0.646261 -0.73566 0 0.0378393 0.755893 0.653601 0 16.7932 -8.22965 5.77031 1  ]
    ObjectInstance "Hoja_C01-b3"
AttributeEnd

AttributeBegin
    Transform [ 0.941102 -0.238504 -0.239674 0 -0.333659 -0.769873 -0.544029 0 0.0547654 -0.591955 0.804108 0 16.9416 -8.15722 5.79023 1  ]
    ObjectInstance "Hoja_C01-b3"
AttributeEnd

AttributeBegin
    Transform [ -0.147543 0.972845 -0.178336 0 0.77049 -3.949e-7 -0.637453 0 0.620143 0.231457 0.749567 0 16.7777 -8.19725 5.78598 1  ]
    ObjectInstance "Hoja_C01-b3"
AttributeEnd

AttributeBegin
    Transform [ 0.863857 -0.494608 -0.0954664 0 -0.377273 -0.509681 -0.773233 0 -0.33379 -0.70398 0.626894 0 16.9023 -8.10423 5.79832 1  ]
    ObjectInstance "Hoja_C01-b3"
AttributeEnd

AttributeBegin
    Transform [ -0.49602 -0.82008 -0.285366 0 -0.747416 0.570521 -0.340405 0 -0.441966 -0.0444395 0.89593 0 16.7112 -8.1352 5.83102 1  ]
    ObjectInstance "Hoja_C01-b3"
AttributeEnd

AttributeBegin
    Transform [ 0.493648 -0.844387 -0.208141 0 -0.816993 -0.368248 -0.443752 0 -0.298051 -0.389107 0.871643 0 16.8018 -8.02899 5.79909 1  ]
    ObjectInstance "Hoja_C01-b3"
AttributeEnd

AttributeBegin
    Transform [ 0.144164 0.960704 0.237201 0 0.85455 -1.341e-7 -0.51937 0 0.498961 -0.277575 0.820969 0 16.7086 -8.11399 5.84341 1  ]
    ObjectInstance "Hoja_C01-b3"
AttributeEnd

AttributeBegin
    Transform [ -0.903071 -0.391631 -0.17632 0 -0.289979 0.858809 -0.422326 0 -0.316822 0.330261 0.88913 0 16.7122 -8.16573 5.87948 1  ]
    ObjectInstance "Hoja_C01-b3"
AttributeEnd

AttributeBegin
    Transform [ 0.0770788 0.991434 0.105438 0 0.807289 0 -0.590156 0 0.585101 -0.130607 0.800374 0 16.8465 -8.01589 5.89222 1  ]
    ObjectInstance "Hoja_C01-b3"
AttributeEnd

AttributeBegin
    Transform [ -0.615437 0.782595 0.093712 0 0.671179 0.582691 -0.458247 0 0.413227 0.219125 0.883871 0 16.7158 -8.20836 5.87569 1  ]
    ObjectInstance "Hoja_C01-b3"
AttributeEnd

AttributeBegin
    Transform [ 0.00679136 0.992125 0.125064 0 0.998529 0 -0.0542225 0 0.0537955 -0.125248 0.990666 0 16.7593 -7.99251 5.91656 1  ]
    ObjectInstance "Hoja_C01-b3"
AttributeEnd

AttributeBegin
    Transform [ -0.738095 0.669273 0.0853829 0 0.574101 0.689476 -0.441623 0 0.354436 0.276941 0.893129 0 16.6483 -8.1746 5.91005 1  ]
    ObjectInstance "Hoja_C01-b3"
AttributeEnd

AttributeBegin
    Transform [ -0.323508 -0.924606 -0.20111 0 -0.7257 0.378833 -0.574321 0 -0.607208 0.0398515 0.793543 0 16.6125 -7.97471 5.94293 1  ]
    ObjectInstance "Hoja_C01-b3"
AttributeEnd

AttributeBegin
    Transform [ -0.913463 -0.34035 0.223039 0 -0.404124 0.82293 -0.399338 0 0.0476309 0.454916 0.88926 0 16.6004 -8.07186 5.9987 1  ]
    ObjectInstance "Hoja_C01-b3"
AttributeEnd

AttributeBegin
    Transform [ 0.759128 -0.591059 0.272716 0 -0.564609 -0.806372 -0.176017 0 -0.323947 0.0203578 0.945856 0 16.7358 -8.00012 6.00823 1  ]
    ObjectInstance "Hoja_C01-b3"
AttributeEnd

AttributeBegin
    Transform [ 0.917555 -0.293866 -0.267836 0 -0.388679 -0.80488 -0.448438 0 0.0837952 -0.515568 0.852741 0 16.6564 -7.98371 6.09774 1  ]
    ObjectInstance "Hoja_C01-b3"
AttributeEnd

AttributeBegin
    Transform [ -0.825513 0.501906 -0.258105 0 0.540226 0.570342 -0.618761 0 0.163351 0.650231 0.741968 0 16.56 -8.13355 6.09152 1  ]
    ObjectInstance "Hoja_C01-b3"
AttributeEnd

AttributeBegin
    Transform [ 0.811831 0.502409 0.297516 0 0.575533 -0.77445 -0.262657 0 -0.09845 -0.384464 0.917875 0 16.6936 -8.04439 6.09035 1  ]
    ObjectInstance "Hoja_C01-b3"
AttributeEnd

AttributeBegin
    Transform [ -0.951464 -0.306975 -0.0219637 0 -0.187051 0.633479 -0.75081 0 -0.244394 0.71026 0.660153 0 16.5165 -8.03247 6.08643 1  ]
    ObjectInstance "Hoja_C01-b3"
AttributeEnd

AttributeBegin
    Transform [ -0.0318072 0.999318 -0.0187701 0 0.722096 0.00999107 -0.69172 0 0.691061 0.0355555 0.721921 0 16.7793 -8.55808 5.55561 1  ]
    ObjectInstance "Hoja_C01-b3"
AttributeEnd

AttributeBegin
    Transform [ -0.943905 0.314332 -0.101188 0 0.307519 0.725086 -0.616184 0 0.120316 0.612736 0.781075 0 16.688 -8.54924 5.55237 1  ]
    ObjectInstance "Hoja_C01-b3"
AttributeEnd

AttributeBegin
    Transform [ -0.729142 0.645984 0.225954 0 0.425866 0.686741 -0.589088 0 0.535714 0.333303 0.775834 0 16.6328 -8.50922 5.61042 1  ]
    ObjectInstance "Hoja_C01-b3"
AttributeEnd

AttributeBegin
    Transform [ -0.712514 -0.662914 -0.229934 0 -0.520249 0.719013 -0.460827 0 -0.470814 0.208723 0.857187 0 16.5917 -8.41721 5.59992 1  ]
    ObjectInstance "Hoja_C01-b3"
AttributeEnd

AttributeBegin
    Transform [ -0.937073 -0.300845 -0.177164 0 -0.171356 0.83842 -0.517387 0 -0.304191 0.454471 0.837212 0 16.5837 -8.53127 5.55772 1  ]
    ObjectInstance "Hoja_C01-b3"
AttributeEnd

AttributeBegin
    Transform [ -0.201803 0.942314 -0.267059 0 0.797831 0 -0.602881 0 0.568103 0.334731 0.751808 0 16.7309 -8.57353 5.60208 1  ]
    ObjectInstance "Hoja_C01-b3"
AttributeEnd

AttributeBegin
    Transform [ -0.932024 -0.340261 0.124712 0 -0.36006 0.830461 -0.425078 0 -0.041069 0.441087 0.896524 0 16.5287 -8.5263 5.63655 1  ]
    ObjectInstance "Hoja_C01-b3"
AttributeEnd

AttributeBegin
    Transform [ -0.717758 -0.659947 -0.222021 0 -0.631067 0.75131 -0.193099 0 -0.294242 -0.00151156 0.95573 0 16.4964 -8.61271 5.63633 1  ]
    ObjectInstance "Hoja_C01-b3"
AttributeEnd

AttributeBegin
    Transform [ -0.759847 0.625432 0.177392 0 0.284439 0.565202 -0.774364 0 0.584575 0.537941 0.607365 0 16.4992 -8.72136 5.52844 1  ]
    ObjectInstance "Hoja_C01-b3"
AttributeEnd

AttributeBegin
    Transform [ -0.372433 0.908 0.19191 0 0.63768 0.400613 -0.657931 0 0.674283 0.122658 0.728215 0 16.5381 -8.74302 5.50307 1  ]
    ObjectInstance "Hoja_C01-b3"
AttributeEnd

AttributeBegin
    Transform [ -0.97811 0.073547 0.194659 0 -0.0466922 0.834034 -0.549734 0 0.202784 0.546789 0.812343 0 16.4272 -8.65464 5.54989 1  ]
    ObjectInstance "Hoja_C01-b3"
AttributeEnd

AttributeBegin
    Transform [ -0.259504 0.964935 0.0394753 0 0.769982 0.231401 -0.594627 0 0.58291 0.123913 0.803032 0 16.5183 -8.79249 5.54864 1  ]
    ObjectInstance "Hoja_C01-b3"
AttributeEnd

AttributeBegin
    Transform [ -0.953713 -0.259159 0.15254 0 -0.263256 0.474334 -0.840061 0 -0.145355 0.841335 0.520604 0 16.4733 -8.24225 5.55288 1  ]
    ObjectInstance "Hoja_C01-b3"
AttributeEnd

AttributeBegin
    Transform [ -0.974427 0.0896934 0.206029 0 0.0787374 0.99504 -0.0607914 0 0.21046 0.0430145 0.976656 0 16.4677 -8.29534 5.60437 1  ]
    ObjectInstance "Hoja_C01-b3"
AttributeEnd

AttributeBegin
    Transform [ 0.0735179 -0.992922 0.0932799 0 -0.828921 -0.112844 -0.547865 0 -0.554513 0.0370438 0.83135 0 16.5172 -8.0729 5.55965 1  ]
    ObjectInstance "Hoja_C01-b3"
AttributeEnd

AttributeBegin
    Transform [ -0.884511 0.396735 -0.245441 0 0.463318 0.685509 -0.561617 0 0.0545617 0.610474 0.790155 0 16.4294 -8.29385 5.54795 1  ]
    ObjectInstance "Hoja_C01-b3"
AttributeEnd

AttributeBegin
    Transform [ -0.606694 -0.794913 -0.00606915 0 -0.529871 0.410076 -0.742344 0 -0.592587 0.447159 0.669992 0 16.3677 -8.12346 5.55735 1  ]
    ObjectInstance "Hoja_C01-b3"
AttributeEnd

AttributeBegin
    Transform [ -0.977693 -0.201327 0.0598665 0 -0.176344 0.631962 -0.75467 0 -0.114102 0.748392 0.653368 0 16.2929 -8.23227 5.56714 1  ]
    ObjectInstance "Hoja_C01-b3"
AttributeEnd

AttributeBegin
    Transform [ -0.547019 0.834657 -0.064173 0 0.545731 0.297431 -0.783398 0 0.634781 0.463555 0.618199 0 16.2917 -8.28302 5.4395 1  ]
    ObjectInstance "Hoja_C01-b3"
AttributeEnd

AttributeBegin
    Transform [ -0.920583 0.387865 0.0456882 0 0.12349 0.400071 -0.908126 0 0.370509 0.830363 0.416196 0 16.2302 -8.2593 5.43403 1  ]
    ObjectInstance "Hoja_C01-b3"
AttributeEnd

AttributeBegin
    Transform [ -0.986663 0.126429 0.102528 0 0.0743205 0.91028 -0.407268 0 0.144819 0.394216 0.907535 0 16.2195 -8.20116 5.44531 1  ]
    ObjectInstance "Hoja_C01-b3"
AttributeEnd

AttributeBegin
    Transform [ -0.814633 -0.573978 0.083202 0 -0.469833 0.568991 -0.674912 0 -0.340043 0.588896 0.733192 0 16.2056 -8.13683 5.43981 1  ]
    ObjectInstance "Hoja_C01-b3"
AttributeEnd

AttributeBegin
    Transform [ -0.685986 0.696225 -0.211409 0 0.710173 0.577422 -0.402789 0 0.158359 0.426445 0.890543 0 16.5808 -8.37806 5.8569 1  ]
    ObjectInstance "Hoja_C01-b3"
AttributeEnd

AttributeBegin
    Transform [ -0.999918 -0.0117056 0.00514812 0 -0.0126555 0.963569 -0.267161 0 0.00183329 0.267205 0.963638 0 16.4612 -8.3006 5.90828 1  ]
    ObjectInstance "Hoja_C01-b3"
AttributeEnd

AttributeBegin
    Transform [ -0.896239 0.423474 0.132006 0 0.321107 0.824712 -0.465555 0 0.306017 0.37486 0.875119 0 16.4773 -8.3112 5.98522 1  ]
    ObjectInstance "Hoja_C01-b3"
AttributeEnd

AttributeBegin
    Transform [ -0.911392 -0.366941 0.18633 0 -0.40601 0.875679 -0.261425 0 0.0672381 0.313912 0.947068 0 16.4277 -8.29856 5.98402 1  ]
    ObjectInstance "Hoja_C01-b3"
AttributeEnd

AttributeBegin
    Transform [ -0.588456 -0.781693 0.20658 0 -0.790074 0.501662 -0.352304 0 -0.17176 0.370529 0.912802 0 16.414 -8.21383 5.96464 1  ]
    ObjectInstance "Hoja_C01-b3"
AttributeEnd

AttributeBegin
    Transform [ -0.972783 -0.0399273 -0.228252 0 0.144309 0.666307 -0.731581 0 -0.181296 0.744608 0.64241 0 16.393 -8.34063 6.00451 1  ]
    ObjectInstance "Hoja_C01-b3"
AttributeEnd

AttributeBegin
    Transform [ -0.634881 0.755706 -0.16073 0 0.6426 0.400997 -0.652891 0 0.428942 0.517793 0.740202 0 16.3697 -8.36384 6.0814 1  ]
    ObjectInstance "Hoja_C01-b3"
AttributeEnd

AttributeBegin
    Transform [ -0.284856 0.958232 0.0254806 0 0.890465 0.274364 -0.363039 0 0.354866 0.0807241 0.931425 0 16.4135 -8.35794 6.10165 1  ]
    ObjectInstance "Hoja_C01-b3"
AttributeEnd

AttributeBegin
    Transform [ -0.798929 0.601291 0.0126923 0 0.579959 0.77583 -0.248466 0 0.159247 0.191146 0.968557 0 16.3056 -8.45509 5.6806 1  ]
    ObjectInstance "Hoja_C01-b3"
AttributeEnd

AttributeBegin
    Transform [ -0.903883 -0.346692 0.250601 0 -0.422507 0.631819 -0.649841 0 -0.0669603 0.69326 0.71757 0 16.2529 -8.29067 5.69426 1  ]
    ObjectInstance "Hoja_C01-b3"
AttributeEnd

AttributeBegin
    Transform [ 0.381086 0.922983 0.0536236 0 0.790069 -0.294987 -0.537377 0 0.480171 -0.247153 0.841636 0 16.3625 -8.43561 5.75147 1  ]
    ObjectInstance "Hoja_C01-b3"
AttributeEnd

AttributeBegin
    Transform [ -0.487238 -0.836757 -0.249874 0 -0.590719 0.526547 -0.611391 0 -0.643156 0.150287 0.750842 0 16.1763 -8.30931 5.66116 1  ]
    ObjectInstance "Hoja_C01-b3"
AttributeEnd

AttributeBegin
    Transform [ 0.997602 0.000828572 0.0692026 0 0.0261957 -0.930052 -0.366493 0 -0.0640583 -0.367427 0.927844 0 16.3204 -8.30184 5.76258 1  ]
    ObjectInstance "Hoja_C01-b3"
AttributeEnd

AttributeBegin
    Transform [ -0.968881 -0.236109 0.0743082 0 -0.227373 0.730297 -0.64418 0 -0.0978296 0.64103 0.761255 0 16.1451 -8.39562 5.70906 1  ]
    ObjectInstance "Hoja_C01-b3"
AttributeEnd

AttributeBegin
    Transform [ -0.148932 0.988158 -0.0369212 0 0.762669 0.0910214 -0.640352 0 0.629408 0.123528 0.767193 0 16.2538 -8.47792 5.7358 1  ]
    ObjectInstance "Hoja_C01-b3"
AttributeEnd

AttributeBegin
    Transform [ -0.808163 -0.534073 0.248269 0 -0.583117 0.666359 -0.464695 0 -0.0827451 0.520319 0.849954 0 16.0996 -8.30815 5.68629 1  ]
    ObjectInstance "Hoja_C01-b3"
AttributeEnd

AttributeBegin
    Transform [ 0.391683 -0.907941 -0.149086 0 -0.874293 -0.316777 -0.367783 0 -0.286699 -0.274399 0.917883 0 16.1677 -8.24403 5.73022 1  ]
    ObjectInstance "Hoja_C01-b3"
AttributeEnd

AttributeBegin
    Transform [ -0.258059 0.965722 -0.0280444 0 0.935843 0.242653 -0.255571 0 0.240006 0.0921976 0.966383 0 16.1835 -8.4618 5.76142 1  ]
    ObjectInstance "Hoja_C01-b3"
AttributeEnd

AttributeBegin
    Transform [ 0.126093 0.944348 0.303823 0 0.923615 -2.608e-7 -0.383321 0 0.361988 -0.328949 0.872214 0 16.0176 -8.34334 5.76253 1  ]
    ObjectInstance "Hoja_C01-b3"
AttributeEnd

AttributeBegin
    Transform [ -0.0621675 0.987083 -0.147657 0 0.921644 0 -0.388037 0 0.383025 0.16021 0.909739 0 16.0831 -8.32009 5.76174 1  ]
    ObjectInstance "Hoja_C01-b3"
AttributeEnd

AttributeBegin
    Transform [ 0.779316 -0.619084 -0.0969658 0 -0.485732 -0.499046 -0.717648 0 -0.395894 -0.606374 0.689623 0 16.4557 -8.07118 5.81733 1  ]
    ObjectInstance "Hoja_C01-b3"
AttributeEnd

AttributeBegin
    Transform [ -0.888228 -0.459182 -0.0142794 0 -0.292967 0.590102 -0.752296 0 -0.353867 0.664027 0.65867 0 16.2855 -8.14389 5.78702 1  ]
    ObjectInstance "Hoja_C01-b3"
AttributeEnd

AttributeBegin
    Transform [ 0.53541 -0.833304 -0.137629 0 -0.839451 -0.507084 -0.195417 0 -0.093052 -0.22016 0.971015 0 16.3768 -8.05924 5.82796 1  ]
    ObjectInstance "Hoja_C01-b3"
AttributeEnd

AttributeBegin
    Transform [ -0.587342 -0.765865 -0.261688 0 -0.566216 0.619868 -0.54329 0 -0.578299 0.170925 0.797719 0 16.2972 -8.05402 5.82368 1  ]
    ObjectInstance "Hoja_C01-b3"
AttributeEnd

AttributeBegin
    Transform [ -0.761298 0.644926 -0.0670602 0 0.51381 0.53695 -0.669092 0 0.395507 0.543834 0.740148 0 16.3131 -8.18787 5.88197 1  ]
    ObjectInstance "Hoja_C01-b3"
AttributeEnd

AttributeBegin
    Transform [ 0.100996 -0.962859 -0.250405 0 -0.946437 -0.0153964 -0.322523 0 -0.306689 -0.269566 0.91284 0 16.273 -7.98284 5.82764 1  ]
    ObjectInstance "Hoja_C01-b3"
AttributeEnd

AttributeBegin
    Transform [ 0.0893571 0.970001 0.226083 0 0.929995 0 -0.367572 0 0.356546 -0.243101 0.902096 0 16.3619 -8.0305 5.91819 1  ]
    ObjectInstance "Hoja_C01-b3"
AttributeEnd

AttributeBegin
    Transform [ -0.964405 -0.255742 -0.0672243 0 -0.212583 0.901035 -0.378078 0 -0.157262 0.35033 0.92333 0 16.1659 -7.90546 5.93805 1  ]
    ObjectInstance "Hoja_C01-b3"
AttributeEnd

AttributeBegin
    Transform [ -0.511192 -0.844353 0.160469 0 -0.73096 0.328905 -0.597929 0 -0.452084 0.422954 0.785322 0 16.2119 -7.82433 5.93638 1  ]
    ObjectInstance "Hoja_C01-b3"
AttributeEnd

AttributeBegin
    Transform [ -0.84856 0.504429 -0.15968 0 0.527756 0.828434 -0.187538 0 -0.0376842 0.243409 0.969191 0 16.2429 -8.38746 5.96771 1  ]
    ObjectInstance "Hoja_C01-b3"
AttributeEnd

AttributeBegin
    Transform [ -0.953183 0.296218 -0.060794 0 0.293329 0.856884 -0.423919 0 0.0734793 0.421905 0.903657 0 16.1748 -8.41304 5.98923 1  ]
    ObjectInstance "Hoja_C01-b3"
AttributeEnd

AttributeBegin
