#############################################

AttributeBegin
    NamedMaterial "Leave A_c"
    Shape "plymesh"
        "string filename" [ "geometry/hojas_a3_00001.ply" ]
        "texture alpha" [ "Leave A_c_Alpha" ]
AttributeEnd

AttributeBegin
    ObjectBegin "Hoja_C01"

    AttributeBegin
        Transform [ 1 0 0 0 0 1 0 0 0 0 1 0 0 0 0 1  ]
        NamedMaterial "Leave A_c"
        Shape "plymesh"
            "string filename" [ "geometry/hojas_a3_00002.ply" ]
            "texture alpha" [ "Leave A_c_Alpha" ]
    AttributeEnd
    ObjectEnd
AttributeEnd

AttributeBegin
    Transform [ 0.994571 0 0.104062 0 -0.0112302 0.99416 0.107333 0 -0.103454 -0.107919 0.988762 0 10.865 -8.9701 6.86735 1  ]
    ObjectInstance "Hoja_C01"
AttributeEnd

AttributeBegin
    Transform [ 0.755179 0.502905 0.420466 0 0.643651 -0.690372 -0.330303 0 -0.124167 -0.520071 0.845049 0 10.865 -8.9701 6.86735 1  ]
    ObjectInstance "Hoja_C01"
AttributeEnd

AttributeBegin
    Transform [ -0.958814 0.279196 -0.0522033 0 0.272903 0.956494 0.103168 0 -0.0787362 -0.0846725 0.993293 0 10.8467 -8.80003 3.06139 1  ]
    ObjectInstance "Hoja_C01"
AttributeEnd

AttributeBegin
    Transform [ -0.516846 0.809022 0.279918 0 0.841029 0.418809 0.342445 0 -0.159813 -0.412411 0.896871 0 10.8899 -8.85089 3.13393 1  ]
    ObjectInstance "Hoja_C01"
AttributeEnd

AttributeBegin
    Transform [ -0.915576 -0.213285 -0.340927 0 -0.238403 0.970604 0.0330287 0 -0.32386 -0.111518 0.93951 0 10.858 -8.7706 3.08715 1  ]
    ObjectInstance "Hoja_C01"
AttributeEnd

AttributeBegin
    Transform [ -0.0042446 0.830699 0.556706 0 0.997899 -0.0324708 0.0560604 0 -0.0646459 -0.555774 0.828816 0 10.9412 -8.83365 3.10602 1  ]
    ObjectInstance "Hoja_C01"
AttributeEnd

AttributeBegin
    Transform [ -0.929073 0.357676 -0.0942963 0 0.360743 0.932507 -0.0171936 0 -0.0817822 0.0499909 0.995396 0 10.8274 -8.74186 3.14047 1  ]
    ObjectInstance "Hoja_C01"
AttributeEnd

AttributeBegin
    Transform [ 0.967044 0.238956 0.0879015 0 0.254607 -0.90943 -0.328805 0 -0.00137036 -0.340349 0.940298 0 10.8871 -8.87998 3.2076 1  ]
    ObjectInstance "Hoja_C01"
AttributeEnd

AttributeBegin
    Transform [ 0.996861 -1.505e-7 0.0791732 0 0.012218 -0.988021 -0.153838 0 -0.0782248 -0.154322 0.984919 0 10.9121 -8.73397 3.18205 1  ]
    ObjectInstance "Hoja_C01"
AttributeEnd

AttributeBegin
    Transform [ -0.63251 -0.739357 -0.230828 0 -0.720487 0.671014 -0.17504 0 -0.284306 -0.055594 0.95712 0 10.741 -8.7203 3.23261 1  ]
    ObjectInstance "Hoja_C01"
AttributeEnd

AttributeBegin
    Transform [ -0.651241 0.692372 0.310655 0 0.756635 0.623825 0.195819 0 0.0582144 -0.362578 0.930134 0 10.9249 -8.68256 3.23628 1  ]
    ObjectInstance "Hoja_C01"
AttributeEnd

AttributeBegin
    Transform [ 0.213533 -0.869432 -0.445524 0 -0.940951 -0.0604004 -0.333112 0 -0.262709 -0.490347 0.83099 0 10.7406 -8.69435 3.2484 1  ]
    ObjectInstance "Hoja_C01"
AttributeEnd

AttributeBegin
    Transform [ -0.776139 0.583572 0.238855 0 0.624007 0.656359 0.424038 0 -0.0906823 -0.47816 0.873579 0 10.8458 -8.63215 3.26095 1  ]
    ObjectInstance "Hoja_C01"
AttributeEnd

AttributeBegin
    Transform [ 0.936877 0.180373 0.299544 0 0.224622 -0.966997 -0.120259 0 -0.267967 -0.179952 0.946473 0 10.8325 -8.78274 3.30419 1  ]
    ObjectInstance "Hoja_C01"
AttributeEnd

AttributeBegin
    Transform [ -0.997261 0.0731266 -0.0110743 0 0.060488 0.892571 0.446831 0 -0.0425599 -0.444938 0.89455 0 10.8246 -8.65696 3.31818 1  ]
    ObjectInstance "Hoja_C01"
AttributeEnd

AttributeBegin
    Transform [ -0.973566 -0.0850959 -0.211963 0 -0.133846 0.964525 0.227545 0 -0.185081 -0.249901 0.950418 0 10.8295 -8.59821 3.24879 1  ]
    ObjectInstance "Hoja_C01"
AttributeEnd

AttributeBegin
    Transform [ -0.953058 0.281651 -0.111142 0 0.209647 0.878672 0.428933 0 -0.218467 -0.385498 0.896473 0 10.8587 -8.59096 3.28203 1  ]
    ObjectInstance "Hoja_C01"
AttributeEnd

AttributeBegin
    Transform [ -0.0816554 0.934159 0.34739 0 0.996424 0.0841007 0.00806013 0 0.0216864 -0.346807 0.937686 0 10.8611 -8.5403 3.39407 1  ]
    ObjectInstance "Hoja_C01"
AttributeEnd

AttributeBegin
    Transform [ -0.955946 0.287567 -0.0589249 0 0.27714 0.950322 0.141708 0 -0.096748 -0.119134 0.988153 0 10.8198 -8.4781 3.38479 1  ]
    ObjectInstance "Hoja_C01"
AttributeEnd

AttributeBegin
    Transform [ 0.201426 0.970428 0.133033 0 0.965671 -0.219486 0.138941 0 -0.164031 -0.100479 0.981324 0 10.8418 -8.58427 3.41246 1  ]
    ObjectInstance "Hoja_C01"
AttributeEnd

AttributeBegin
    Transform [ -0.998838 -0.0410033 -0.0253121 0 -0.0452536 0.97867 0.200391 0 -0.0165555 -0.201303 0.979389 0 10.7772 -8.50206 3.41128 1  ]
    ObjectInstance "Hoja_C01"
AttributeEnd

AttributeBegin
    Transform [ 0.681835 0.482942 0.549425 0 0.731143 -0.473595 -0.491058 0 -0.0230521 -0.736529 0.676013 0 10.9146 -9.20779 3.40173 1  ]
    ObjectInstance "Hoja_C01"
AttributeEnd

AttributeBegin
    Transform [ -0.190495 -0.831017 -0.522611 0 -0.961603 0.265096 -0.0710258 0 -0.197566 -0.489014 0.849608 0 10.8484 -9.06494 3.47423 1  ]
    ObjectInstance "Hoja_C01"
AttributeEnd

AttributeBegin
    Transform [ 0.494235 0.809331 0.317355 0 0.862466 -0.410713 -0.29575 0 0.109017 -0.419878 0.901009 0 10.9677 -9.11114 3.48084 1  ]
    ObjectInstance "Hoja_C01"
AttributeEnd

AttributeBegin
    Transform [ -0.165752 0.907149 0.38679 0 0.975864 0.207426 -0.0682918 0 0.142181 -0.366135 0.919636 0 10.9701 -9.14349 3.5089 1  ]
    ObjectInstance "Hoja_C01"
AttributeEnd

AttributeBegin
    Transform [ 0.58098 -0.771298 -0.259927 0 -0.810837 -0.520711 -0.267214 0 -0.070754 -0.366004 0.92792 0 10.8576 -9.19277 3.52752 1  ]
    ObjectInstance "Hoja_C01"
AttributeEnd

AttributeBegin
    Transform [ -0.381202 0.780094 0.496123 0 0.924097 0.337205 0.179825 0 0.0270147 -0.527016 0.849426 0 10.9482 -9.08908 3.57158 1  ]
    ObjectInstance "Hoja_C01"
AttributeEnd

AttributeBegin
    Transform [ -0.294892 0.932103 0.210289 0 0.95543 0.290818 0.0507695 0 0.0138335 -0.215889 0.97632 0 10.9775 -9.21802 3.70646 1  ]
    ObjectInstance "Hoja_C01"
AttributeEnd

AttributeBegin
    Transform [ 0.796281 -0.598066 -0.0908464 0 -0.564917 -0.681473 -0.465256 0 -0.216345 -0.421796 0.880502 0 10.8783 -9.29311 3.69997 1  ]
    ObjectInstance "Hoja_C01"
AttributeEnd

AttributeBegin
    Transform [ -0.983984 0.135181 -0.116198 0 0.0655125 0.880474 0.469546 0 -0.165783 -0.454413 0.875228 0 10.9528 -9.10733 3.7515 1  ]
    ObjectInstance "Hoja_C01"
AttributeEnd

AttributeBegin
    Transform [ 0.99527 -1.503e-7 0.0971514 0 0.0380724 -0.920013 -0.390035 0 -0.0893806 -0.391889 0.915661 0 10.9204 -9.1751 3.79828 1  ]
    ObjectInstance "Hoja_C01"
AttributeEnd

AttributeBegin
    Transform [ -0.400891 -0.808958 -0.429969 0 -0.85263 0.501145 -0.147902 0 -0.335123 -0.307312 0.890647 0 10.8126 -9.22431 3.94118 1  ]
    ObjectInstance "Hoja_C01"
AttributeEnd

AttributeBegin
    Transform [ 0.577878 -0.784263 -0.225807 0 -0.761288 -0.418298 -0.495447 0 -0.294106 -0.458212 0.838775 0 10.8659 -9.27567 3.95747 1  ]
    ObjectInstance "Hoja_C01"
AttributeEnd

AttributeBegin
    Transform [ -0.593602 0.675853 0.436875 0 0.804018 0.521351 0.285916 0 0.0345277 -0.520976 0.852873 0 11.0769 -8.80164 3.43758 1  ]
    ObjectInstance "Hoja_C01"
AttributeEnd

AttributeBegin
    Transform [ -0.287747 -0.841051 -0.458076 0 -0.839471 0.45172 -0.302055 0 -0.460966 -0.297627 0.83602 0 10.9529 -8.78609 3.50301 1  ]
    ObjectInstance "Hoja_C01"
AttributeEnd

AttributeBegin
    Transform [ -0.12849 0.991477 0.0215275 0 0.955042 0.129558 -0.266663 0 0.267179 0.0137037 0.963549 0 11.1712 -8.83406 3.49761 1  ]
    ObjectInstance "Hoja_C01"
AttributeEnd

AttributeBegin
    Transform [ -0.608473 0.774757 0.17179 0 0.787807 0.61578 0.0132656 0 0.095507 -0.143409 0.985044 0 11.1392 -8.72442 3.48782 1  ]
    ObjectInstance "Hoja_C01"
AttributeEnd

AttributeBegin
    Transform [ -0.874391 -0.312888 -0.370867 0 -0.41814 0.873654 0.248774 0 -0.246171 -0.3726 0.894746 0 11.0673 -8.69009 3.51161 1  ]
    ObjectInstance "Hoja_C01"
AttributeEnd

AttributeBegin
    Transform [ 0.379318 0.925196 0.0114412 0 0.917833 -0.374678 -0.131141 0 0.117044 -0.0602452 0.991298 0 11.1395 -8.82743 3.58018 1  ]
    ObjectInstance "Hoja_C01"
AttributeEnd

AttributeBegin
    Transform [ 0.956904 -1.445e-7 0.290403 0 0.105142 -0.932156 -0.346454 0 -0.270701 -0.362057 0.891984 0 11.1485 -8.7156 3.56594 1  ]
    ObjectInstance "Hoja_C01"
AttributeEnd

AttributeBegin
    Transform [ 0.595281 0.553274 0.582691 0 0.80322 -0.429474 -0.412783 0 -0.0218683 -0.713751 0.700058 0 11.2172 -8.82006 3.56095 1  ]
    ObjectInstance "Hoja_C01"
AttributeEnd

AttributeBegin
    Transform [ -0.850031 -0.438701 -0.291527 0 -0.425064 0.89818 -0.112219 0 -0.311074 -0.0285286 0.949957 0 11.099 -8.6705 3.60593 1  ]
    ObjectInstance "Hoja_C01"
AttributeEnd

AttributeBegin
    Transform [ -0.65829 -0.732767 -0.172353 0 -0.739479 0.67232 -0.034012 0 -0.140799 -0.105062 0.984448 0 11.1325 -8.73664 3.64993 1  ]
    ObjectInstance "Hoja_C01"
AttributeEnd

AttributeBegin
    Transform [ -0.901475 0.427476 -0.0678799 0 0.37004 0.842512 0.391462 0 -0.224531 -0.327775 0.917687 0 11.1951 -8.67761 3.65852 1  ]
    ObjectInstance "Hoja_C01"
AttributeEnd

AttributeBegin
    Transform [ 0.667636 0.659849 0.344765 0 0.695078 -0.718355 0.0288497 0 -0.2667 -0.220377 0.938246 0 10.8787 -8.90182 3.58628 1  ]
    ObjectInstance "Hoja_C01"
AttributeEnd

AttributeBegin
    Transform [ -0.975309 -0.219498 -0.0243649 0 -0.219963 0.975335 0.0183685 0 -0.0197321 -0.0232743 0.999534 0 10.8221 -8.79395 3.5995 1  ]
    ObjectInstance "Hoja_C01"
AttributeEnd

AttributeBegin
    Transform [ 0.070641 -0.951651 -0.298948 0 -0.893624 0.0727894 -0.442875 0 -0.443223 -0.298432 0.845276 0 10.7104 -8.80495 3.5489 1  ]
    ObjectInstance "Hoja_C01"
AttributeEnd

AttributeBegin
    Transform [ -0.977202 0.167014 -0.131086 0 0.163861 0.985878 0.0345623 0 -0.135007 -0.0122945 0.990768 0 10.7818 -8.73507 3.55955 1  ]
    ObjectInstance "Hoja_C01"
AttributeEnd

AttributeBegin
    Transform [ -0.881526 0.429224 -0.196668 0 0.460755 0.872997 -0.159942 0 -0.103039 0.231609 0.967337 0 10.8032 -8.74226 3.61656 1  ]
    ObjectInstance "Hoja_C01"
AttributeEnd

AttributeBegin
    Transform [ -0.613179 -0.78126 -0.116803 0 -0.731084 0.617259 -0.290701 0 -0.299211 0.0928597 0.949658 0 10.6382 -8.7637 3.63007 1  ]
    ObjectInstance "Hoja_C01"
AttributeEnd

AttributeBegin
    Transform [ -0.913717 0.398905 0.077434 0 0.396337 0.916913 -0.0467722 0 0.0896578 0.0120465 0.9959 0 10.7376 -8.70031 3.6476 1  ]
    ObjectInstance "Hoja_C01"
AttributeEnd

AttributeBegin
    Transform [ -0.813967 -0.465911 -0.346965 0 -0.566612 0.768465 0.297344 0 -0.128095 -0.438623 0.889495 0 10.6025 -8.72603 3.71264 1  ]
    ObjectInstance "Hoja_C01"
AttributeEnd

AttributeBegin
    Transform [ 0.404032 -0.904674 -0.135364 0 -0.777129 -0.261411 -0.572481 0 -0.482523 -0.336496 0.808667 0 10.5711 -8.80201 3.71329 1  ]
    ObjectInstance "Hoja_C01"
AttributeEnd

AttributeBegin
    Transform [ -0.901484 -0.242974 -0.358177 0 -0.315758 0.935198 0.160316 0 -0.296014 -0.257619 0.919787 0 10.6735 -8.6814 3.76313 1  ]
    ObjectInstance "Hoja_C01"
AttributeEnd

AttributeBegin
    Transform [ 0.943786 -0.307304 0.121785 0 -0.220385 -0.859564 -0.461065 0 -0.246369 -0.408307 0.878969 0 10.5629 -8.78236 3.83276 1  ]
    ObjectInstance "Hoja_C01"
AttributeEnd

AttributeBegin
    Transform [ 0.994473 -1.502e-7 0.10499 0 0.0338093 -0.946731 -0.320246 0 -0.0993973 -0.322025 0.941499 0 10.5611 -8.7312 3.84023 1  ]
    ObjectInstance "Hoja_C01"
AttributeEnd

AttributeBegin
    Transform [ 0.942662 0.119243 0.311719 0 0.263002 -0.840412 -0.473854 0 -0.205469 -0.528668 0.823586 0 10.9245 -9.03289 3.72444 1  ]
    ObjectInstance "Hoja_C01"
AttributeEnd

AttributeBegin
    Transform [ 0.104001 0.932791 0.345086 0 0.994552 -0.0950895 -0.0427012 0 0.00701728 -0.347647 0.937599 0 10.9836 -9.03905 3.70492 1  ]
    ObjectInstance "Hoja_C01"
AttributeEnd

AttributeBegin
    Transform [ -0.840223 0.540756 0.040108 0 0.519851 0.782285 0.343199 0 -0.154211 -0.309214 0.938406 0 11.0349 -8.95778 3.77302 1  ]
    ObjectInstance "Hoja_C01"
AttributeEnd

AttributeBegin
    Transform [ 0.997364 -1.506e-7 0.0725564 0 0.00445792 -0.998111 -0.061281 0 -0.0724193 -0.0614429 0.99548 0 10.9849 -9.06184 3.81166 1  ]
    ObjectInstance "Hoja_C01"
AttributeEnd

AttributeBegin
    Transform [ -0.333022 0.933141 0.135443 0 0.942811 0.327353 0.0628337 0 -0.014295 -0.148622 0.988791 0 11.0561 -9.05912 3.79755 1  ]
    ObjectInstance "Hoja_C01"
AttributeEnd

AttributeBegin
    Transform [ -0.502107 -0.66524 -0.55258 0 -0.811761 0.582887 0.0358889 0 -0.298217 -0.466583 0.832687 0 10.922 -8.98235 3.85631 1  ]
    ObjectInstance "Hoja_C01"
AttributeEnd

AttributeBegin
    Transform [ 0.374707 0.918324 0.127577 0 0.923377 -0.382025 0.037834 0 -0.0834817 -0.103625 0.991107 0 11.0199 -9.1008 3.84031 1  ]
    ObjectInstance "Hoja_C01"
AttributeEnd

AttributeBegin
    Transform [ -0.313864 -0.870333 -0.379487 0 -0.944185 0.328207 0.0281848 0 -0.10002 -0.367153 0.924767 0 10.9009 -9.05714 3.86 1  ]
    ObjectInstance "Hoja_C01"
AttributeEnd

AttributeBegin
    Transform [ -0.650342 0.732097 0.202706 0 0.754799 0.652847 0.0637877 0 0.0856371 -0.194486 0.97716 0 11.0571 -9.02749 3.87687 1  ]
    ObjectInstance "Hoja_C01"
AttributeEnd

AttributeBegin
    Transform [ 0.859636 0.426976 0.280566 0 0.510887 -0.713645 -0.479275 0 0.0044146 -0.55534 0.831612 0 11.0458 -9.12701 3.8839 1  ]
    ObjectInstance "Hoja_C01"
AttributeEnd

AttributeBegin
    Transform [ -0.947509 0.244734 -0.205747 0 0.226377 0.967939 0.108842 0 -0.225788 -0.0565522 0.972533 0 10.8905 -8.62289 3.96156 1  ]
    ObjectInstance "Hoja_C01"
AttributeEnd

AttributeBegin
    Transform [ 0.974643 -1.472e-7 0.223765 0 0.115056 -0.85768 -0.501146 0 -0.191919 -0.514184 0.835932 0 10.884 -8.69086 3.96698 1  ]
    ObjectInstance "Hoja_C01"
AttributeEnd

AttributeBegin
    Transform [ -0.890419 0.454653 0.0210968 0 0.434936 0.863632 -0.254894 0 0.134108 0.217786 0.966739 0 10.9661 -8.54106 4.01217 1  ]
    ObjectInstance "Hoja_C01"
AttributeEnd

AttributeBegin
    Transform [ -0.98936 0.0913711 -0.113217 0 0.0598213 0.964846 0.255918 0 -0.13262 -0.246422 0.960046 0 10.9 -8.52204 4.0382 1  ]
    ObjectInstance "Hoja_C01"
AttributeEnd

AttributeBegin
    Transform [ 0.929224 0.351426 0.114201 0 0.365529 -0.919474 -0.144762 0 -0.0541318 -0.17626 0.982854 0 10.9649 -8.64209 4.07324 1  ]
    ObjectInstance "Hoja_C01"
AttributeEnd

AttributeBegin
    Transform [ -0.718621 0.695284 -0.0127603 0 0.694092 0.718272 0.0481707 0 -0.0426577 -0.0257597 0.998758 0 10.991 -8.53465 4.07254 1  ]
    ObjectInstance "Hoja_C01"
AttributeEnd

AttributeBegin
    Transform [ -0.7776 -0.523016 -0.348987 0 -0.532973 0.84276 -0.0754673 0 -0.333583 -0.127317 0.934084 0 10.8886 -8.47854 4.0283 1  ]
    ObjectInstance "Hoja_C01"
AttributeEnd

AttributeBegin
    Transform [ -0.75762 0.646456 -0.0900353 0 0.651214 0.739381 -0.170986 0 0.0439644 0.188175 0.981151 0 10.9659 -8.47464 4.01874 1  ]
    ObjectInstance "Hoja_C01"
AttributeEnd

AttributeBegin
    Transform [ 0.102837 0.96139 0.255253 0 0.97449 -0.0459111 -0.219682 0 0.199482 -0.271333 0.941586 0 10.8697 -8.80182 4.11246 1  ]
    ObjectInstance "Hoja_C01"
AttributeEnd

AttributeBegin
    Transform [ 0.967487 -1.461e-7 0.252921 0 0.0290992 -0.993359 -0.111312 0 -0.251242 -0.115053 0.961062 0 10.8133 -8.73372 4.14117 1  ]
    ObjectInstance "Hoja_C01"
AttributeEnd

AttributeBegin
    Transform [ 0.99964 -1.509e-7 0.0268387 0 0.00259 -0.995332 -0.0964734 0 -0.0267134 -0.0965082 0.994974 0 10.7084 -8.7921 4.1924 1  ]
    ObjectInstance "Hoja_C01"
AttributeEnd

AttributeBegin
    Transform [ 0.987735 -1.491e-7 0.156141 0 0.0897235 -0.818412 -0.567584 0 -0.127788 -0.574632 0.808374 0 10.6579 -8.82373 4.20284 1  ]
    ObjectInstance "Hoja_C01"
AttributeEnd

AttributeBegin
    Transform [ -0.444868 -0.893966 -0.0540022 0 -0.875683 0.44683 -0.183089 0 -0.187805 0.0341615 0.981612 0 10.6447 -8.73278 4.31174 1  ]
    ObjectInstance "Hoja_C01"
AttributeEnd

AttributeBegin
    Transform [ -0.85625 -0.422761 -0.296833 0 -0.394843 0.906154 -0.151608 0 -0.33307 0.0126122 0.942818 0 10.6204 -8.67252 4.30824 1  ]
    ObjectInstance "Hoja_C01"
AttributeEnd

AttributeBegin
    Transform [ 0.997131 -0.0719005 -0.0236632 0 -0.0726817 -0.82214 -0.564627 0 -0.0211425 -0.564727 0.825007 0 10.6533 -8.84213 4.31986 1  ]
    ObjectInstance "Hoja_C01"
AttributeEnd

AttributeBegin
    Transform [ -0.264926 -0.896428 -0.355291 0 -0.93057 0.334237 -0.149417 0 -0.252692 -0.291038 0.922737 0 10.5176 -8.67233 4.48568 1  ]
    ObjectInstance "Hoja_C01"
AttributeEnd

AttributeBegin
    Transform [ 0.776254 -0.588449 -0.226181 0 -0.567786 -0.496674 -0.656456 0 -0.273953 -0.637999 0.719658 0 10.5269 -8.77261 4.49577 1  ]
    ObjectInstance "Hoja_C01"
AttributeEnd

AttributeBegin
    Transform [ -0.536977 0.710321 0.455082 0 0.841219 0.491337 0.225693 0 0.0632839 -0.504016 0.861373 0 11.0403 -8.70819 4.28663 1  ]
    ObjectInstance "Hoja_C01"
AttributeEnd

AttributeBegin
    Transform [ 0.970272 -1.465e-7 0.242016 0 0.033151 -0.990574 -0.132907 0 -0.239735 -0.136979 0.961126 0 11.0347 -8.73473 4.40008 1  ]
    ObjectInstance "Hoja_C01"
AttributeEnd

AttributeBegin
    Transform [ 0.919455 -0.309735 0.24221 0 -0.24643 -0.933953 -0.258851 0 -0.306388 -0.178314 0.935056 0 11.0359 -8.85661 4.39856 1  ]
    ObjectInstance "Hoja_C01"
AttributeEnd

AttributeBegin
    Transform [ -0.622821 0.779064 0.071785 0 0.78223 0.61839 0.0755668 0 -0.0144806 -0.103217 0.994553 0 11.1867 -8.69811 4.46288 1  ]
    ObjectInstance "Hoja_C01"
AttributeEnd

AttributeBegin
    Transform [ -0.697102 -0.703688 -0.137371 0 -0.6893 0.710497 -0.141631 0 -0.197266 0.00404156 0.980342 0 11.0928 -8.68922 4.48327 1  ]
    ObjectInstance "Hoja_C01"
AttributeEnd

AttributeBegin
    Transform [ 0.40617 0.894141 0.188515 0 0.913798 -0.397449 -0.0837177 0 -0.0000695437 -0.206268 0.978496 0 11.2038 -8.79373 4.45643 1  ]
    ObjectInstance "Hoja_C01"
AttributeEnd

AttributeBegin
    Transform [ -0.938431 0.25436 -0.23377 0 0.255507 0.96646 0.0258953 0 -0.232516 0.0354289 0.971947 0 11.1648 -8.70524 4.47626 1  ]
    ObjectInstance "Hoja_C01"
AttributeEnd

AttributeBegin
    Transform [ -0.365941 -0.868772 -0.333649 0 -0.910407 0.408536 -0.0652469 0 -0.192992 -0.27988 0.940437 0 10.8024 -8.66928 4.39165 1  ]
    ObjectInstance "Hoja_C01"
AttributeEnd

AttributeBegin
    Transform [ 0.999931 -1.51e-7 0.0117695 0 0.000195475 -0.999862 -0.0166203 0 -0.0117679 -0.0166214 0.999793 0 10.8341 -8.62561 4.42478 1  ]
    ObjectInstance "Hoja_C01"
AttributeEnd

AttributeBegin
    Transform [ -0.973837 0.102224 -0.202959 0 0.0752035 0.98776 0.136661 0 -0.214445 -0.117822 0.969604 0 10.8543 -8.57231 4.45235 1  ]
    ObjectInstance "Hoja_C01"
AttributeEnd

AttributeBegin
    Transform [ -0.715947 -0.520899 -0.464848 0 -0.690305 0.62773 0.359768 0 -0.104396 -0.578462 0.809002 0 10.7795 -8.50366 4.49901 1  ]
    ObjectInstance "Hoja_C01"
AttributeEnd

AttributeBegin
    Transform [ 0.439176 -0.76068 -0.478007 0 -0.782918 -0.0630899 -0.618918 0 -0.440641 -0.646054 0.623257 0 10.6925 -8.57048 4.45768 1  ]
    ObjectInstance "Hoja_C01"
AttributeEnd

AttributeBegin
    Transform [ 0.947425 -1.431e-7 0.319976 0 0.136674 -0.904187 -0.404681 0 -0.289318 -0.427138 0.85665 0 10.7565 -8.48668 4.48616 1  ]
    ObjectInstance "Hoja_C01"
AttributeEnd

AttributeBegin
    Transform [ 0.354748 0.929404 0.101792 0 0.932833 -0.35918 0.0285164 0 -0.0630649 -0.0848388 0.994397 0 10.8198 -8.54624 4.5468 1  ]
    ObjectInstance "Hoja_C01"
AttributeEnd

AttributeBegin
    Transform [ 0.998776 -1.508e-7 0.0494715 0 0.0271299 -0.836218 -0.547726 0 -0.041369 -0.548397 0.835194 0 10.815 -8.44087 4.51635 1  ]
    ObjectInstance "Hoja_C01"
AttributeEnd

AttributeBegin
    Transform [ 0.538767 -0.748187 -0.387229 0 -0.839392 -0.437579 -0.322407 0 -0.0717779 -0.498739 0.863775 0 10.6918 -8.43744 4.62503 1  ]
    ObjectInstance "Hoja_C01"
AttributeEnd

AttributeBegin
    Transform [ 0.198396 -0.932067 -0.303133 0 -0.951739 -0.109314 -0.286782 0 -0.234164 -0.3454 0.908771 0 10.6783 -8.3923 4.59905 1  ]
    ObjectInstance "Hoja_C01"
AttributeEnd

AttributeBegin
    Transform [ -0.30702 0.928559 0.208608 0 0.951703 0.29948 0.067626 0 -0.000320781 -0.219295 0.975659 0 10.9767 -8.81352 4.53375 1  ]
    ObjectInstance "Hoja_C01"
AttributeEnd

AttributeBegin
    Transform [ 0.380679 -0.82669 -0.414328 0 -0.911338 -0.259494 -0.319569 0 -0.156669 -0.499246 0.852178 0 10.8574 -8.85445 4.54646 1  ]
    ObjectInstance "Hoja_C01"
AttributeEnd

AttributeBegin
    Transform [ 0.581325 0.724196 0.370947 0 0.809991 -0.471749 -0.348379 0 0.0773004 -0.502985 0.860831 0 10.934 -8.93236 4.4954 1  ]
    ObjectInstance "Hoja_C01"
AttributeEnd

AttributeBegin
    Transform [ 0.999999 -1.51e-7 0.00118333 0 0.000444877 -0.926591 -0.37607 0 -0.00109652 -0.376071 0.92659 0 10.8761 -8.9591 4.5304 1  ]
    ObjectInstance "Hoja_C01"
AttributeEnd

AttributeBegin
    Transform [ 0.72731 -0.685523 0.0328439 0 -0.622579 -0.679156 -0.388772 0 -0.288818 -0.26231 0.920749 0 10.8202 -8.91874 4.56433 1  ]
    ObjectInstance "Hoja_C01"
AttributeEnd

AttributeBegin
    Transform [ 0.929273 0.195651 0.313324 0 0.324624 -0.837295 -0.439949 0 -0.176268 -0.510546 0.84159 0 10.8534 -9.01367 4.55893 1  ]
    ObjectInstance "Hoja_C01"
AttributeEnd

AttributeBegin
    Transform [ 0.948618 -1.432e-7 0.316422 0 0.084553 -0.963637 -0.253486 0 -0.304916 -0.267216 0.914123 0 10.8513 -9.01966 4.59654 1  ]
    ObjectInstance "Hoja_C01"
AttributeEnd

AttributeBegin
    Transform [ 0.860127 0.276987 0.428322 0 0.503311 -0.597222 -0.624503 0 -0.082824 -0.752731 0.653097 0 10.8899 -9.04306 4.69103 1  ]
    ObjectInstance "Hoja_C01"
AttributeEnd

AttributeBegin
    Transform [ 0.985599 0.149085 0.0797997 0 0.163112 -0.962646 -0.216118 0 -0.0445988 -0.226022 0.973101 0 10.8723 -9.01793 4.71059 1  ]
    ObjectInstance "Hoja_C01"
AttributeEnd

AttributeBegin
    Transform [ -0.735099 0.64634 0.204632 0 0.67585 0.722429 0.146025 0 0.0534501 -0.245643 0.967886 0 11.0284 -8.62043 4.66058 1  ]
    ObjectInstance "Hoja_C01"
AttributeEnd

AttributeBegin
    Transform [ 0.943216 -1.424e-7 0.33218 0 0.177739 -0.844808 -0.504686 0 -0.280628 -0.535069 0.796837 0 10.9934 -8.52773 4.66784 1  ]
    ObjectInstance "Hoja_C01"
AttributeEnd

AttributeBegin
    Transform [ -0.632608 0.736336 0.240034 0 0.746669 0.662164 -0.063434 0 0.20565 -0.139097 0.96869 0 11.0876 -8.5675 4.69005 1  ]
    ObjectInstance "Hoja_C01"
AttributeEnd

AttributeBegin
    Transform [ -0.300225 -0.859099 -0.414504 0 -0.828312 0.450305 -0.333354 0 -0.473038 -0.243257 0.846795 0 10.8335 -8.63795 4.68486 1  ]
    ObjectInstance "Hoja_C01"
AttributeEnd

AttributeBegin
    Transform [ 0.557164 -0.764827 -0.323431 0 -0.810805 -0.416938 -0.410802 0 -0.179342 -0.491123 0.852428 0 10.857 -8.72064 4.74666 1  ]
    ObjectInstance "Hoja_C01"
AttributeEnd

AttributeBegin
    Transform [ 0.660386 0.518272 0.543401 0 0.750069 -0.489832 -0.444367 0 -0.0358722 -0.701042 0.712218 0 10.9552 -8.738 4.7533 1  ]
    ObjectInstance "Hoja_C01"
AttributeEnd

AttributeBegin
    Transform [ -0.904167 0.42293 -0.0601077 0 0.415675 0.903498 0.104424 0 -0.0984714 -0.0694318 0.992715 0 10.966 -8.55174 4.74196 1  ]
    ObjectInstance "Hoja_C01"
AttributeEnd

AttributeBegin
    Transform [ -0.938117 -0.219307 -0.268033 0 -0.2436 0.967982 0.0605922 0 -0.246162 -0.122135 0.961502 0 10.857 -8.59236 4.78579 1  ]
    ObjectInstance "Hoja_C01"
AttributeEnd

AttributeBegin
    Transform [ 0.169013 -0.800275 -0.575321 0 -0.975822 -0.0537915 -0.211844 0 -0.138586 -0.597216 0.790017 0 10.8069 -8.56874 4.87459 1  ]
    ObjectInstance "Hoja_C01"
AttributeEnd

AttributeBegin
    Transform [ -0.614373 0.765204 0.192374 0 0.788966 0.593086 0.160566 0 -0.00877108 -0.250424 0.968096 0 10.9175 -8.51646 4.89051 1  ]
    ObjectInstance "Hoja_C01"
AttributeEnd

AttributeBegin
    Transform [ 0.640947 -0.74978 -0.164369 0 -0.725869 -0.52242 -0.447428 0 -0.249603 -0.406088 0.879085 0 10.8404 -8.63004 4.89687 1  ]
    ObjectInstance "Hoja_C01"
AttributeEnd

AttributeBegin
    Transform [ 0.0299121 0.875471 0.482344 0 0.993982 -0.0769315 0.0779925 0 -0.105388 -0.477108 0.872503 0 10.9544 -8.59971 4.90877 1  ]
    ObjectInstance "Hoja_C01"
AttributeEnd

AttributeBegin
    Transform [ 0.496991 -0.866442 0.0477257 0 -0.825899 -0.489178 -0.280349 0 -0.266253 -0.0999146 0.958711 0 10.0229 -8.8671 2.71806 1  ]
    ObjectInstance "Hoja_C01"
AttributeEnd

AttributeBegin
    Transform [ 0.0447143 0.809186 0.585849 0 0.968612 -0.178658 0.172837 0 -0.244524 -0.559731 0.791776 0 10.1398 -8.84892 2.73873 1  ]
    ObjectInstance "Hoja_C01"
AttributeEnd

AttributeBegin
    Transform [ -0.158178 -0.85696 -0.490508 0 -0.86558 0.35938 -0.348737 0 -0.475132 -0.369412 0.798614 0 9.97933 -8.786 2.715 1  ]
    ObjectInstance "Hoja_C01"
AttributeEnd

AttributeBegin
    Transform [ 0.985178 -1.488e-7 0.171533 0 0.0840509 -0.871723 -0.482736 0 -0.14953 -0.489998 0.858803 0 10.084 -8.75685 2.74816 1  ]
    ObjectInstance "Hoja_C01"
AttributeEnd

AttributeBegin
    Transform [ 0.566843 -0.822006 -0.0547231 0 -0.663536 -0.416176 -0.621705 0 -0.488271 -0.38872 0.781338 0 9.96313 -8.88107 2.74623 1  ]
    ObjectInstance "Hoja_C01"
AttributeEnd

AttributeBegin
    Transform [ 0.97957 -0.102921 0.172774 0 -0.0391201 -0.940227 -0.338294 0 -0.197264 -0.324623 0.925044 0 10.0031 -8.91364 2.78232 1  ]
    ObjectInstance "Hoja_C01"
AttributeEnd

AttributeBegin
    Transform [ -0.705366 0.589135 0.39418 0 0.700773 0.663246 0.262723 0 0.106659 -0.461546 0.880681 0 10.0685 -8.73999 2.78057 1  ]
    ObjectInstance "Hoja_C01"
AttributeEnd

AttributeBegin
    Transform [ -0.888149 -0.259486 -0.379288 0 -0.366123 0.898355 0.242721 0 -0.277752 -0.354438 0.892876 0 9.94132 -8.73557 2.78615 1  ]
    ObjectInstance "Hoja_C01"
AttributeEnd

AttributeBegin
    Transform [ -0.991842 -0.109773 -0.064804 0 -0.113678 0.991704 0.0599954 0 -0.0576805 -0.0668727 0.996093 0 9.94312 -8.71257 2.84628 1  ]
    ObjectInstance "Hoja_C01"
AttributeEnd

AttributeBegin
    Transform [ -0.661871 -0.677607 -0.320586 0 -0.703195 0.7094 -0.0476296 0 -0.259698 -0.19391 0.946021 0 9.88913 -8.69396 2.80093 1  ]
    ObjectInstance "Hoja_C01"
AttributeEnd

AttributeBegin
    Transform [ -0.995345 0.000849566 -0.0963686 0 -0.0359544 0.92449 0.379506 0 -0.0894142 -0.381205 0.920157 0 9.92967 -8.66801 2.79162 1  ]
    ObjectInstance "Hoja_C01"
AttributeEnd

AttributeBegin
    Transform [ -0.703412 -0.545193 -0.456044 0 -0.697768 0.651876 0.296947 0 -0.13539 -0.527089 0.838956 0 9.85136 -8.71489 2.81767 1  ]
    ObjectInstance "Hoja_C01"
AttributeEnd

AttributeBegin
    Transform [ 0.497621 -0.761751 -0.41486 0 -0.785126 -0.192256 -0.588739 0 -0.368713 -0.618687 0.693742 0 9.82849 -8.78722 2.81814 1  ]
    ObjectInstance "Hoja_C01"
AttributeEnd

AttributeBegin
    Transform [ -0.80732 0.585486 0.0737566 0 0.535715 0.674738 0.50768 0 -0.247473 -0.449373 0.858383 0 9.88472 -8.64565 2.8467 1  ]
    ObjectInstance "Hoja_C01"
AttributeEnd

AttributeBegin
    Transform [ 0.955364 -0.270138 -0.119604 0 -0.181159 -0.215876 -0.959468 0 -0.23337 -0.938309 0.255179 0 9.93076 -8.71631 2.36929 1  ]
    ObjectInstance "Hoja_C01"
AttributeEnd

AttributeBegin
    Transform [ -0.547636 -0.638974 -0.540192 0 -0.596896 0.750773 -0.28294 0 -0.586353 -0.16749 0.792551 0 9.84761 -8.53293 2.38852 1  ]
    ObjectInstance "Hoja_C01"
AttributeEnd

AttributeBegin
    Transform [ 0.161294 0.842667 0.51371 0 0.962203 -0.0185379 -0.271703 0 0.219432 -0.538117 0.813806 0 10.0338 -8.58112 2.37563 1  ]
    ObjectInstance "Hoja_C01"
AttributeEnd

AttributeBegin
    Transform [ -0.083886 -0.824009 -0.560333 0 -0.919463 0.280769 -0.27524 0 -0.384124 -0.492116 0.781198 0 9.83997 -8.53396 2.32931 1  ]
    ObjectInstance "Hoja_C01"
AttributeEnd

AttributeBegin
    Transform [ -0.941062 -0.231984 -0.246141 0 -0.316672 0.859968 0.400217 0 -0.11883 -0.454575 0.882747 0 9.87606 -8.47445 2.33879 1  ]
    ObjectInstance "Hoja_C01"
AttributeEnd

AttributeBegin
    Transform [ -0.587277 -0.696551 -0.412215 0 -0.72416 0.679671 -0.11679 0 -0.361521 -0.229922 0.90357 0 9.88867 -8.43328 2.37662 1  ]
    ObjectInstance "Hoja_C01"
AttributeEnd

AttributeBegin
    Transform [ 0.280755 0.950404 0.133823 0 0.957469 -0.287013 0.0296202 0 -0.0665602 -0.119815 0.990562 0 10.0425 -8.5139 2.29977 1  ]
    ObjectInstance "Hoja_C01"
AttributeEnd

AttributeBegin
    Transform [ 0.539251 -0.738347 -0.405034 0 -0.705702 -0.133729 -0.695774 0 -0.459558 -0.66103 0.593166 0 9.83613 -8.50894 2.29641 1  ]
    ObjectInstance "Hoja_C01"
AttributeEnd

AttributeBegin
    Transform [ 0.946901 -1.43e-7 0.321526 0 0.12586 -0.9202 -0.370663 0 -0.295868 -0.391448 0.871338 0 10.0298 -8.41624 2.31178 1  ]
    ObjectInstance "Hoja_C01"
AttributeEnd

AttributeBegin
    Transform [ 0.0944122 -0.918239 -0.384608 0 -0.965298 0.0100529 -0.260959 0 -0.243489 -0.395899 0.885425 0 9.8379 -8.47664 2.24212 1  ]
    ObjectInstance "Hoja_C01"
AttributeEnd

AttributeBegin
    Transform [ -0.430935 -0.640209 -0.635946 0 -0.773861 0.624679 -0.104476 0 -0.464149 -0.447112 0.764629 0 9.84012 -8.43535 2.23342 1  ]
    ObjectInstance "Hoja_C01"
AttributeEnd

AttributeBegin
    Transform [ -0.869631 0.460647 0.177612 0 0.441877 0.886686 -0.136139 0 0.220198 0.0399077 0.974638 0 9.97202 -8.38066 2.19735 1  ]
    ObjectInstance "Hoja_C01"
AttributeEnd

AttributeBegin
    Transform [ 0.746429 0.440053 0.499195 0 0.664334 -0.536462 -0.52045 0 -0.0387734 -0.720112 0.692773 0 9.94157 -8.48652 2.11361 1  ]
    ObjectInstance "Hoja_C01"
AttributeEnd

AttributeBegin
    Transform [ -0.586609 -0.761439 -0.275864 0 -0.802333 0.592759 0.069984 0 -0.110232 -0.262388 0.958646 0 9.81216 -8.32119 2.13833 1  ]
    ObjectInstance "Hoja_C01"
AttributeEnd

AttributeBegin
    Transform [ -0.960669 -0.155151 -0.230313 0 -0.175076 0.98216 0.068633 0 -0.215555 -0.106256 0.970694 0 9.73529 -8.61046 2.59349 1  ]
    ObjectInstance "Hoja_C01"
AttributeEnd

AttributeBegin
    Transform [ -0.107927 -0.988895 -0.102168 0 -0.903195 0.140478 -0.405592 0 -0.41544 -0.0485035 0.908327 0 9.67846 -8.66041 2.61602 1  ]
    ObjectInstance "Hoja_C01"
AttributeEnd

AttributeBegin
    Transform [ -0.135939 -0.828453 -0.543311 0 -0.792483 0.420037 -0.4422 0 -0.594552 -0.370453 0.713634 0 9.64544 -8.64269 2.56011 1  ]
    ObjectInstance "Hoja_C01"
AttributeEnd

AttributeBegin
    Transform [ -0.327811 -0.858472 -0.39442 0 -0.824469 0.463802 -0.324252 0 -0.461294 -0.218893 0.859822 0 9.62918 -8.66234 2.62141 1  ]
    ObjectInstance "Hoja_C01"
AttributeEnd

AttributeBegin
    Transform [ 0.889623 -0.45202 -0.0651865 0 -0.353589 -0.591386 -0.724733 0 -0.289043 -0.667788 0.68594 0 9.64703 -8.74593 2.63328 1  ]
    ObjectInstance "Hoja_C01"
AttributeEnd

AttributeBegin
    Transform [ -0.989274 0.145597 0.0117751 0 0.146072 0.98616 0.0784338 0 0.00019243 -0.0793126 0.99685 0 9.70048 -8.56156 2.62525 1  ]
    ObjectInstance "Hoja_C01"
AttributeEnd

AttributeBegin
    Transform [ -0.706278 -0.555687 -0.438616 0 -0.642739 0.763038 0.068265 0 -0.296746 -0.33013 0.896078 0 9.57229 -8.5977 2.59293 1  ]
    ObjectInstance "Hoja_C01"
AttributeEnd

AttributeBegin
    Transform [ 0.0426848 -0.872594 -0.486577 0 -0.945125 0.122628 -0.302823 0 -0.323909 -0.472802 0.819476 0 9.53666 -8.62947 2.64556 1  ]
    ObjectInstance "Hoja_C01"
AttributeEnd

AttributeBegin
    Transform [ 0.952779 -1.439e-7 0.303665 0 0.142591 -0.882896 -0.447394 0 -0.268105 -0.469568 0.841205 0 9.6212 -8.6825 2.67852 1  ]
    ObjectInstance "Hoja_C01"
AttributeEnd

AttributeBegin
    Transform [ 1 -1.51e-7 0.00100349 0 0.000482846 -0.876557 -0.481298 0 -0.000879688 -0.481298 0.876556 0 9.57664 -8.50116 2.62928 1  ]
    ObjectInstance "Hoja_C01"
AttributeEnd

AttributeBegin
    Transform [ -0.872299 0.389976 -0.294981 0 0.389962 0.918776 0.0614869 0 -0.295 0.0613964 0.953522 0 9.54603 -8.51359 2.65663 1  ]
    ObjectInstance "Hoja_C01"
AttributeEnd

AttributeBegin
    Transform [ -0.431199 -0.701427 -0.56751 0 -0.814484 0.573221 -0.0896323 0 -0.388179 -0.423578 0.818473 0 9.46269 -8.5335 2.65275 1  ]
    ObjectInstance "Hoja_C01"
AttributeEnd

AttributeBegin
    Transform [ -0.189646 -0.864785 -0.464953 0 -0.865485 0.370855 -0.336753 0 -0.463649 -0.338546 0.81879 0 9.43752 -8.56775 2.57793 1  ]
    ObjectInstance "Hoja_C01"
AttributeEnd

AttributeBegin
    Transform [ -0.569078 -0.752234 -0.332106 0 -0.8216 0.536636 0.192344 0 -0.0335325 -0.382317 0.923423 0 9.43843 -8.53858 2.61646 1  ]
    ObjectInstance "Hoja_C01"
AttributeEnd

AttributeBegin
    Transform [ 0.753006 -0.56337 -0.339994 0 -0.511844 -0.176777 -0.840694 0 -0.413518 -0.807071 0.421472 0 9.30623 -8.63876 2.58723 1  ]
    ObjectInstance "Hoja_C01"
AttributeEnd

AttributeBegin
    Transform [ 0.218703 -0.943146 -0.250289 0 -0.871072 -0.073101 -0.485684 0 -0.439775 -0.32424 0.837536 0 9.29157 -8.57599 2.62338 1  ]
    ObjectInstance "Hoja_C01"
AttributeEnd

AttributeBegin
    Transform [ -0.636572 0.755081 -0.156938 0 0.766203 0.642367 -0.0172292 0 -0.0878028 0.131214 0.987458 0 9.83214 -8.36537 2.57003 1  ]
    ObjectInstance "Hoja_C01"
AttributeEnd

AttributeBegin
    Transform [ -0.782709 -0.436251 -0.443906 0 -0.475944 0.879127 -0.0247667 0 -0.401054 -0.191889 0.895731 0 9.75175 -8.34408 2.57147 1  ]
    ObjectInstance "Hoja_C01"
AttributeEnd

AttributeBegin
    Transform [ -0.568683 0.779625 0.262267 0 0.782904 0.415217 0.463311 0 -0.252311 -0.468807 0.846498 0 9.80932 -8.33173 2.64665 1  ]
    ObjectInstance "Hoja_C01"
AttributeEnd

AttributeBegin
    Transform [ 0.891424 0.435176 0.12643 0 0.4517 -0.875705 -0.17061 0 -0.0364695 -0.209194 0.977194 0 9.8425 -8.38879 2.63751 1  ]
    ObjectInstance "Hoja_C01"
AttributeEnd

AttributeBegin
    Transform [ -0.0352268 -0.974702 -0.220713 0 -0.936197 0.109465 -0.333994 0 -0.349706 -0.194865 0.91637 0 9.6848 -8.30671 2.58094 1  ]
    ObjectInstance "Hoja_C01"
AttributeEnd

AttributeBegin
    Transform [ 0.170443 0.805385 0.567718 0 0.951547 -0.28418 0.11747 0 -0.255943 -0.520189 0.814799 0 9.81664 -8.24433 2.64222 1  ]
    ObjectInstance "Hoja_C01"
AttributeEnd

AttributeBegin
    Transform [ 0.178966 -0.88952 -0.420387 0 -0.839586 0.084671 -0.536587 0 -0.512899 -0.448982 0.731675 0 9.57377 -8.12701 2.65236 1  ]
    ObjectInstance "Hoja_C01"
AttributeEnd

AttributeBegin
    Transform [ 0.991515 -1.497e-7 0.129993 0 0.0603665 -0.885634 -0.460444 0 -0.115126 -0.464384 0.878119 0 9.57337 -8.14796 2.69097 1  ]
    ObjectInstance "Hoja_C01"
AttributeEnd

AttributeBegin
    Transform [ -0.630325 -0.748484 -0.206063 0 -0.60026 0.638213 -0.48205 0 -0.492319 0.180157 0.851567 0 9.61164 -8.04786 2.63234 1  ]
    ObjectInstance "Hoja_C01"
AttributeEnd

AttributeBegin
    Transform [ -0.399873 -0.812936 -0.423363 0 -0.87697 0.473641 -0.0811663 0 -0.266505 -0.338821 0.902317 0 9.59787 -8.04965 2.67178 1  ]
    ObjectInstance "Hoja_C01"
AttributeEnd

AttributeBegin
    Transform [ -0.440372 -0.896679 -0.0451573 0 -0.887311 0.442341 -0.130436 0 -0.136934 0.0173718 0.990428 0 9.4236 -8.33923 2.47058 1  ]
    ObjectInstance "Hoja_C01"
AttributeEnd

AttributeBegin
    Transform [ 0.0692345 -0.805168 -0.588992 0 -0.903945 0.199122 -0.378462 0 -0.422007 -0.558619 0.714042 0 9.35228 -8.36903 2.48739 1  ]
    ObjectInstance "Hoja_C01"
AttributeEnd

AttributeBegin
    Transform [ -0.912509 -0.366347 -0.18198 0 -0.33178 0.923069 -0.19459 0 -0.239267 0.117188 0.963856 0 9.3412 -8.24408 2.47024 1  ]
    ObjectInstance "Hoja_C01"
AttributeEnd

AttributeBegin
    Transform [ -0.883117 -0.452361 -0.124392 0 -0.388775 0.854033 -0.34566 0 -0.262598 0.256898 0.930078 0 9.36644 -8.21449 2.38806 1  ]
    ObjectInstance "Hoja_C01"
AttributeEnd

AttributeBegin
    Transform [ -0.600181 0.767543 0.225078 0 0.788203 0.519659 0.329682 0 -0.136081 -0.375276 0.916869 0 9.45341 -8.23055 2.39898 1  ]
    ObjectInstance "Hoja_C01"
AttributeEnd

AttributeBegin
    Transform [ 0.767678 -0.634047 -0.093033 0 -0.535407 -0.55481 -0.636808 0 -0.35215 -0.538674 0.765389 0 9.26539 -8.35738 2.37127 1  ]
    ObjectInstance "Hoja_C01"
AttributeEnd

AttributeBegin
    Transform [ -0.948765 0.314295 -0.0326008 0 0.273109 0.86755 0.415654 0 -0.158921 -0.385454 0.908939 0 9.47897 -8.31128 2.75071 1  ]
    ObjectInstance "Hoja_C01"
AttributeEnd

AttributeBegin
    Transform [ 0.976155 -1.474e-7 0.217073 0 0.108045 -0.867328 -0.485869 0 -0.188273 -0.497737 0.846647 0 9.46964 -8.37834 2.70732 1  ]
    ObjectInstance "Hoja_C01"
AttributeEnd

AttributeBegin
    Transform [ -0.878496 -0.342751 -0.332816 0 -0.292851 0.936743 -0.191704 0 -0.37747 0.0709454 0.9233 0 9.39926 -8.27151 2.69552 1  ]
    ObjectInstance "Hoja_C01"
AttributeEnd

AttributeBegin
    Transform [ 0.326472 -0.914425 -0.239256 0 -0.861105 -0.183361 -0.474211 0 -0.389761 -0.360841 0.847278 0 9.32663 -8.41073 2.73052 1  ]
    ObjectInstance "Hoja_C01"
AttributeEnd

AttributeBegin
    Transform [ -0.918458 -0.284381 -0.274885 0 -0.227196 0.948237 -0.221875 0 -0.323753 0.14133 0.935526 0 9.38634 -8.26491 2.73461 1  ]
    ObjectInstance "Hoja_C01"
AttributeEnd

AttributeBegin
    Transform [ -0.917101 0.390763 0.0789284 0 0.394348 0.860213 0.323302 0 -0.058439 -0.327625 0.942999 0 9.37141 -8.2838 2.76953 1  ]
    ObjectInstance "Hoja_C01"
AttributeEnd

AttributeBegin
    Transform [ 0.990399 -1.495e-7 0.138235 0 0.00333544 -0.999709 -0.0238982 0 -0.138195 -0.0241298 0.990111 0 9.26721 -8.26816 2.76566 1  ]
    ObjectInstance "Hoja_C01"
AttributeEnd

AttributeBegin
    Transform [ 0.893873 0.301384 0.331902 0 0.44393 -0.698374 -0.561427 0 -0.0625867 -0.649186 0.758051 0 9.23059 -8.36769 2.84596 1  ]
    ObjectInstance "Hoja_C01"
AttributeEnd

AttributeBegin
    Transform [ 0.961363 -0.270677 0.0501475 0 -0.160503 -0.699138 -0.696738 0 -0.223651 -0.66177 0.715571 0 9.17436 -8.35632 2.82323 1  ]
    ObjectInstance "Hoja_C01"
AttributeEnd

AttributeBegin
    Transform [ -0.386764 -0.66584 -0.638021 0 -0.638439 0.692577 -0.335757 0 -0.665439 -0.277479 0.692962 0 9.34735 -8.16494 2.49248 1  ]
    ObjectInstance "Hoja_C01"
AttributeEnd

AttributeBegin
    Transform [ 0.972882 -1.469e-7 0.231303 0 0.0329671 -0.989791 -0.138664 0 -0.228941 -0.142529 0.962949 0 9.35719 -8.06894 2.57645 1  ]
    ObjectInstance "Hoja_C01"
AttributeEnd

AttributeBegin
    Transform [ -0.900959 0.379879 -0.20968 0 0.376827 0.924593 0.0559312 0 -0.215116 0.0286213 0.976169 0 9.32838 -8.04715 2.52628 1  ]
    ObjectInstance "Hoja_C01"
AttributeEnd

AttributeBegin
    Transform [ -0.956218 -0.0416421 -0.289678 0 -0.139314 0.935248 0.325426 0 -0.257369 -0.351534 0.900103 0 9.3239 -8.02147 2.49638 1  ]
    ObjectInstance "Hoja_C01"
AttributeEnd

AttributeBegin
    Transform [ -0.304169 -0.904102 -0.300135 0 -0.921013 0.359582 -0.149784 0 -0.243343 -0.230869 0.942064 0 9.18823 -8.33638 2.61059 1  ]
    ObjectInstance "Hoja_C01"
AttributeEnd

AttributeBegin
    Transform [ 0.679503 -0.732482 -0.0417807 0 -0.699674 -0.629828 -0.337303 0 -0.220754 -0.258431 0.940469 0 9.14685 -8.38738 2.55192 1  ]
    ObjectInstance "Hoja_C01"
AttributeEnd

AttributeBegin
    Transform [ 0.959504 -0.263486 -0.0996389 0 -0.199877 -0.38756 -0.899914 0 -0.198499 -0.883387 0.42453 0 9.21787 -8.46879 2.51915 1  ]
    ObjectInstance "Hoja_C01"
AttributeEnd

AttributeBegin
    Transform [ 0.984057 -0.0943635 0.150756 0 -0.0413609 -0.945822 -0.322041 0 -0.172977 -0.310671 0.934646 0 9.17747 -8.45706 2.56823 1  ]
    ObjectInstance "Hoja_C01"
AttributeEnd

AttributeBegin
    Transform [ 0.866899 -0.493609 -0.0695526 0 -0.430674 -0.671387 -0.603125 0 -0.251011 -0.552803 0.794609 0 9.14064 -8.48253 2.49676 1  ]
    ObjectInstance "Hoja_C01"
AttributeEnd

AttributeBegin
    Transform [ 0.401694 -0.880365 -0.25219 0 -0.705692 -0.122066 -0.697925 0 -0.583645 -0.458321 0.670299 0 9.00376 -8.56045 2.47986 1  ]
    ObjectInstance "Hoja_C01"
AttributeEnd

AttributeBegin
