#############################################

AttributeBegin
    NamedMaterial "Leave A_b"
    Shape "plymesh"
        "string filename" [ "geometry/hojas_a7_00001.ply" ]
        "texture alpha" [ "Leave A_b_Alpha" ]
AttributeEnd

AttributeBegin
    ObjectBegin "Hoja_B01-a7"

    AttributeBegin
        Transform [ 1 0 0 0 0 1 0 0 0 0 1 0 0 0 0 1  ]
        NamedMaterial "Leave A_b"
        Shape "plymesh"
            "string filename" [ "geometry/hojas_a7_00002.ply" ]
            "texture alpha" [ "Leave A_b_Alpha" ]
    AttributeEnd
    ObjectEnd
AttributeEnd

AttributeBegin
    Transform [ 0.999824 -0.0013268 0.0187367 0 0 0.997502 0.0706353 0 -0.0187836 -0.0706229 0.997326 0 13.8578 -9.48255 13.0966 1  ]
    ObjectInstance "Hoja_B01-a7"
AttributeEnd

AttributeBegin
    Transform [ -0.0701146 0.995125 -0.0693603 0 0.957029 0.047491 -0.286076 0 0.281388 0.086438 0.955693 0 13.8578 -9.48255 13.0966 1  ]
    ObjectInstance "Hoja_B01-a7"
AttributeEnd

AttributeBegin
    Transform [ 0.560411 -0.804841 -0.195373 0 -0.739833 -0.380446 -0.554895 0 -0.372273 -0.455513 0.808654 0 10.0651 -9.61986 8.77715 1  ]
    ObjectInstance "Hoja_B01-a7"
AttributeEnd

AttributeBegin
    Transform [ -0.972922 0.201915 0.112489 0 0.155056 0.931089 -0.330197 0 0.171409 0.303814 0.937185 0 10.0796 -9.46765 8.76966 1  ]
    ObjectInstance "Hoja_B01-a7"
AttributeEnd

AttributeBegin
    Transform [ 0.552299 -0.82607 -0.112137 0 -0.480429 -0.205466 -0.852626 0 -0.681289 -0.524778 0.510346 0 9.9658 -9.60821 8.7613 1  ]
    ObjectInstance "Hoja_B01-a7"
AttributeEnd

AttributeBegin
    Transform [ 0.972778 -0.230405 -0.0248187 0 -0.1964 -0.762852 -0.616022 0 -0.123002 -0.604127 0.787338 0 9.99873 -9.64686 8.80287 1  ]
    ObjectInstance "Hoja_B01-a7"
AttributeEnd

AttributeBegin
    Transform [ -0.160417 -0.984352 -0.0729208 0 -0.869658 0.175896 -0.461255 0 -0.466864 0.010577 0.884266 0 9.9286 -9.55487 8.86304 1  ]
    ObjectInstance "Hoja_B01-a7"
AttributeEnd

AttributeBegin
    Transform [ 0.998546 -0.00821834 0.0532682 0 -1.583e-7 -0.988307 -0.152475 0 -0.0538984 -0.152254 0.986871 0 9.90108 -9.41429 8.91858 1  ]
    ObjectInstance "Hoja_B01-a7"
AttributeEnd

AttributeBegin
    Transform [ 0.999892 -0.000703172 0.0146503 0 -2.579e-7 -0.998851 -0.0479243 0 -0.0146672 -0.0479191 0.998743 0 9.8398 -9.46064 8.91476 1  ]
    ObjectInstance "Hoja_B01-a7"
AttributeEnd

AttributeBegin
    Transform [ -0.24795 -0.951177 -0.183801 0 -0.741017 0.308424 -0.596464 0 -0.624031 0.0116932 0.781312 0 10.4665 -9.78811 8.74477 1  ]
    ObjectInstance "Hoja_B01-a7"
AttributeEnd

AttributeBegin
    Transform [ 0.827701 0.548235 -0.119789 0 0.337742 -0.657146 -0.673861 0 0.448153 -0.517298 0.729082 0 10.5538 -9.86776 8.76413 1  ]
    ObjectInstance "Hoja_B01-a7"
AttributeEnd

AttributeBegin
    Transform [ 0.140734 0.965215 -0.220348 0 0.790697 -0.243516 -0.561692 0 0.595813 0.0951795 0.797464 0 10.5734 -9.96404 8.78177 1  ]
    ObjectInstance "Hoja_B01-a7"
AttributeEnd

AttributeBegin
    Transform [ 0.971353 0.0143182 -0.237208 0 0 -0.998183 -0.0602517 0 0.23764 -0.0585257 0.969589 0 10.4621 -9.89627 8.88002 1  ]
    ObjectInstance "Hoja_B01-a7"
AttributeEnd

AttributeBegin
    Transform [ 0.158701 -0.966416 -0.202126 0 -0.904949 -0.0605142 -0.421195 0 -0.394818 -0.249758 0.88416 0 10.3858 -10.0365 8.88602 1  ]
    ObjectInstance "Hoja_B01-a7"
AttributeEnd

AttributeBegin
    Transform [ 0.974093 0.040609 -0.222471 0 0 -0.983745 -0.179569 0 0.226147 -0.174917 0.95826 0 10.4644 -9.94529 8.95766 1  ]
    ObjectInstance "Hoja_B01-a7"
AttributeEnd

AttributeBegin
    Transform [ 0.0157511 -0.972243 -0.233444 0 -0.888091 0.0936667 -0.450023 0 -0.459398 -0.214408 0.861965 0 10.3578 -10.0238 8.95504 1  ]
    ObjectInstance "Hoja_B01-a7"
AttributeEnd

AttributeBegin
    Transform [ 0.744457 0.646163 -0.168099 0 0.51784 -0.717721 -0.465531 0 0.421457 -0.259519 0.868921 0 10.4506 -10.156 9.04472 1  ]
    ObjectInstance "Hoja_B01-a7"
AttributeEnd

AttributeBegin
    Transform [ 0.422243 0.898805 0.11773 0 0.756235 -0.277662 -0.592463 0 0.499819 -0.339194 0.796949 0 10.4957 -10.1086 9.05816 1  ]
    ObjectInstance "Hoja_B01-a7"
AttributeEnd

AttributeBegin
    Transform [ -0.637753 0.74399 0.199372 0 0.536332 0.614725 -0.578326 0 0.552828 0.2619 0.791069 0 10.5614 -9.50158 8.80169 1  ]
    ObjectInstance "Hoja_B01-a7"
AttributeEnd

AttributeBegin
    Transform [ -0.994168 -0.0876247 0.0628625 0 -0.107777 0.827391 -0.551188 0 0.00371412 0.554749 0.832009 0 10.4583 -9.45051 8.85043 1  ]
    ObjectInstance "Hoja_B01-a7"
AttributeEnd

AttributeBegin
    Transform [ 0.236632 -0.936084 0.260293 0 -0.818178 -0.33647 -0.466233 0 -0.524014 0.102641 0.845503 0 10.417 -9.49996 8.92098 1  ]
    ObjectInstance "Hoja_B01-a7"
AttributeEnd

AttributeBegin
    Transform [ -0.489623 0.871267 -0.0340992 0 0.827131 0.451734 -0.334351 0 0.275906 0.19191 0.941831 0 10.5551 -9.35956 9.01474 1  ]
    ObjectInstance "Hoja_B01-a7"
AttributeEnd

AttributeBegin
    Transform [ -0.879709 0.474553 -0.0301916 0 0.457363 0.827051 -0.326812 0 0.13012 0.301308 0.944607 0 10.4859 -9.25639 9.0235 1  ]
    ObjectInstance "Hoja_B01-a7"
AttributeEnd

AttributeBegin
    Transform [ -0.871826 0.460154 0.167865 0 0.142441 0.566076 -0.811954 0 0.468648 0.683971 0.559064 0 10.4957 -9.23855 9.06067 1  ]
    ObjectInstance "Hoja_B01-a7"
AttributeEnd

AttributeBegin
    Transform [ 0.963309 -1.455e-7 -0.268395 0 -0.00365412 -0.999907 -0.0131146 0 0.26837 -0.0136142 0.96322 0 10.4664 -9.15478 9.13888 1  ]
    ObjectInstance "Hoja_B01-a7"
AttributeEnd

AttributeBegin
    Transform [ 0.431271 -0.897217 -0.0949006 0 -0.500155 -0.150209 -0.852808 0 -0.7509 -0.415256 0.513529 0 10.0497 -9.57576 8.79025 1  ]
    ObjectInstance "Hoja_B01-a7"
AttributeEnd

AttributeBegin
    Transform [ -0.96286 -0.252885 -0.0946011 0 -0.157076 0.809627 -0.565536 0 -0.219607 0.529672 0.81928 0 10.037 -9.44726 8.87168 1  ]
    ObjectInstance "Hoja_B01-a7"
AttributeEnd

AttributeBegin
    Transform [ -0.949278 0.24 0.203151 0 0.0346768 0.722043 -0.690979 0 0.312519 0.648886 0.693743 0 10.0129 -9.33124 8.85869 1  ]
    ObjectInstance "Hoja_B01-a7"
AttributeEnd

AttributeBegin
    Transform [ 0.957866 -0.0394771 0.284489 0 0 -0.990509 -0.137448 0 -0.287215 -0.131657 0.948775 0 9.99637 -9.38186 8.88523 1  ]
    ObjectInstance "Hoja_B01-a7"
AttributeEnd

AttributeBegin
    Transform [ -0.0309934 -0.970263 0.240062 0 -0.971464 -0.0272641 -0.235616 0 -0.235154 0.240514 0.94173 0 9.91241 -9.44517 8.88308 1  ]
    ObjectInstance "Hoja_B01-a7"
AttributeEnd

AttributeBegin
    Transform [ -0.993314 0.110061 0.0348375 0 0.0917817 0.93595 -0.339961 0 0.0700226 0.334491 0.939794 0 9.9776 -9.30512 8.92261 1  ]
    ObjectInstance "Hoja_B01-a7"
AttributeEnd

AttributeBegin
    Transform [ 0.891195 -0.379172 -0.248997 0 -0.448965 -0.815723 -0.364728 0 0.0648174 -0.436835 0.897203 0 10.2635 -9.75434 9.1916 1  ]
    ObjectInstance "Hoja_B01-a7"
AttributeEnd

AttributeBegin
    Transform [ -0.43015 -0.863901 -0.262004 0 -0.721626 0.503427 -0.475202 0 -0.542428 0.0153395 0.839963 0 10.2511 -9.62498 9.38914 1  ]
    ObjectInstance "Hoja_B01-a7"
AttributeEnd

AttributeBegin
    Transform [ 0.472109 -0.880486 0.043108 0 -0.872881 -0.473749 -0.116795 0 -0.123258 -0.0175116 0.99222 0 10.2821 -9.77701 9.48197 1  ]
    ObjectInstance "Hoja_B01-a7"
AttributeEnd

AttributeBegin
    Transform [ 0.926392 0.362941 -0.100361 0 0.311813 -0.888779 -0.335922 0 0.211119 -0.279902 0.936528 0 10.3332 -9.76778 9.53089 1  ]
    ObjectInstance "Hoja_B01-a7"
AttributeEnd

AttributeBegin
    Transform [ -0.899026 0.426533 -0.0991083 0 0.437423 0.864235 -0.248514 0 0.0203467 0.266773 0.963545 0 10.3416 -9.6493 9.53118 1  ]
    ObjectInstance "Hoja_B01-a7"
AttributeEnd

AttributeBegin
    Transform [ 0.964537 -0.0743589 0.253256 0 0 -0.959497 -0.281719 0 -0.263947 -0.271729 0.92547 0 10.3474 -9.76907 9.52981 1  ]
    ObjectInstance "Hoja_B01-a7"
AttributeEnd

AttributeBegin
    Transform [ -0.9598 0.268461 0.0819345 0 0.200167 0.85929 -0.470695 0 0.196769 0.435372 0.878483 0 10.3227 -9.73156 9.66285 1  ]
    ObjectInstance "Hoja_B01-a7"
AttributeEnd

AttributeBegin
    Transform [ -0.999916 0.00354119 -0.0124828 0 0.0102658 0.804275 -0.594169 0 -0.00793554 0.594247 0.804244 0 10.1935 -9.31733 9.17887 1  ]
    ObjectInstance "Hoja_B01-a7"
AttributeEnd

AttributeBegin
    Transform [ -0.529628 -0.827417 0.186749 0 -0.843266 0.489824 -0.221303 0 -0.0916363 0.274687 0.957157 0 10.1345 -9.33916 9.20146 1  ]
    ObjectInstance "Hoja_B01-a7"
AttributeEnd

AttributeBegin
    Transform [ -0.83094 0.5475 0.0989086 0 0.49113 0.805356 -0.331954 0 0.261401 0.227257 0.938096 0 10.1906 -9.3475 9.28366 1  ]
    ObjectInstance "Hoja_B01-a7"
AttributeEnd

AttributeBegin
    Transform [ -0.23402 0.968411 0.0861032 0 0.854369 0.247108 -0.457156 0 0.463992 0.0334198 0.885209 0 10.2616 -9.32551 9.267 1  ]
    ObjectInstance "Hoja_B01-a7"
AttributeEnd

AttributeBegin
    Transform [ -0.335093 -0.928665 0.159039 0 -0.860415 0.232837 -0.453292 0 -0.383926 0.288735 0.87706 0 10.0599 -9.32493 9.29318 1  ]
    ObjectInstance "Hoja_B01-a7"
AttributeEnd

AttributeBegin
    Transform [ -0.594159 -0.793989 0.128673 0 -0.601324 0.332222 -0.726662 0 -0.534214 0.509127 0.674837 0 10.0553 -9.28319 9.34845 1  ]
    ObjectInstance "Hoja_B01-a7"
AttributeEnd

AttributeBegin
    Transform [ 0.79453 -0.604707 -0.0552444 0 -0.539055 -0.660525 -0.522615 0 -0.279539 -0.445013 0.850777 0 10.0652 -9.36183 9.37724 1  ]
    ObjectInstance "Hoja_B01-a7"
AttributeEnd

AttributeBegin
    Transform [ -0.996793 0.00993997 0.0793973 0 -0.0326066 0.855676 -0.516484 0 0.0730722 0.517417 0.852608 0 10.1706 -9.20799 9.38564 1  ]
    ObjectInstance "Hoja_B01-a7"
AttributeEnd

AttributeBegin
    Transform [ -0.0854263 0.993505 0.0751651 0 0.926214 0.10699 -0.361499 0 0.367193 -0.0387374 0.929338 0 10.2397 -9.2603 9.41141 1  ]
    ObjectInstance "Hoja_B01-a7"
AttributeEnd

AttributeBegin
    Transform [ -0.0756243 -0.985836 0.149695 0 -0.871565 -0.00757935 -0.490221 0 -0.484412 0.167541 0.858647 0 10.0346 -9.24107 9.44765 1  ]
    ObjectInstance "Hoja_B01-a7"
AttributeEnd

AttributeBegin
    Transform [ 0.984961 -0.0316144 0.169858 0 -1.788e-7 -0.983117 -0.182979 0 -0.172775 -0.180228 0.968332 0 10.1158 -9.12163 9.43415 1  ]
    ObjectInstance "Hoja_B01-a7"
AttributeEnd

AttributeBegin
    Transform [ -0.535225 -0.807889 -0.246676 0 -0.496402 0.537099 -0.681989 0 -0.683462 0.242567 0.688507 0 10.0047 -9.12061 9.47215 1  ]
    ObjectInstance "Hoja_B01-a7"
AttributeEnd

AttributeBegin
    Transform [ -0.384143 0.874014 -0.297546 0 0.914779 0.316687 -0.250775 0 0.124952 0.368522 0.921183 0 10.1678 -9.14355 9.51469 1  ]
    ObjectInstance "Hoja_B01-a7"
AttributeEnd

AttributeBegin
    Transform [ 0.984698 0.0751121 -0.157249 0 0 -0.902344 -0.431017 0 0.174268 -0.424422 0.888537 0 10.0417 -9.61932 9.48899 1  ]
    ObjectInstance "Hoja_B01-a7"
AttributeEnd

AttributeBegin
    Transform [ 0.494375 -0.85503 0.156581 0 -0.725019 -0.504972 -0.46835 0 -0.479522 -0.118016 0.869558 0 9.97013 -9.77601 9.50741 1  ]
    ObjectInstance "Hoja_B01-a7"
AttributeEnd

AttributeBegin
    Transform [ 0.713223 0.677274 -0.180589 0 0.577837 -0.71395 -0.395448 0 0.396759 -0.177692 0.90056 0 10.0626 -9.79204 9.52062 1  ]
    ObjectInstance "Hoja_B01-a7"
AttributeEnd

AttributeBegin
    Transform [ 0.976336 -0.163624 0.141403 0 -0.00301762 -0.664106 -0.747632 0 -0.216237 -0.729513 0.648885 0 10.0072 -9.85252 9.4703 1  ]
    ObjectInstance "Hoja_B01-a7"
AttributeEnd

AttributeBegin
    Transform [ -0.928928 -0.356093 -0.101442 0 -0.304635 0.890764 -0.337248 0 -0.210452 0.282377 0.935935 0 9.93682 -9.68626 9.56844 1  ]
    ObjectInstance "Hoja_B01-a7"
AttributeEnd

AttributeBegin
    Transform [ 0.937935 -0.336447 0.0841437 0 -0.31397 -0.926805 -0.206045 0 -0.147308 -0.166838 0.974918 0 9.89528 -9.85561 9.52527 1  ]
    ObjectInstance "Hoja_B01-a7"
AttributeEnd

AttributeBegin
    Transform [ 0.968763 -0.114821 -0.219804 0 -0.228603 -0.757019 -0.612097 0 0.0961143 -0.643225 0.759621 0 9.93368 -9.89053 9.56045 1  ]
    ObjectInstance "Hoja_B01-a7"
AttributeEnd

AttributeBegin
    Transform [ 0.931948 0.278317 -0.232406 0 0.118774 -0.839918 -0.529557 0 0.342587 -0.465915 0.815817 0 9.90131 -9.87468 9.57999 1  ]
    ObjectInstance "Hoja_B01-a7"
AttributeEnd

AttributeBegin
    Transform [ 0.886794 0.424523 0.182691 0 0.458009 -0.754354 -0.470295 0 0.0618371 -0.500729 0.863393 0 9.92039 -9.97441 9.57687 1  ]
    ObjectInstance "Hoja_B01-a7"
AttributeEnd

AttributeBegin
    Transform [ -0.969294 -0.104319 -0.222681 0 0.0462919 0.811959 -0.581876 0 -0.241509 0.574317 0.782198 0 9.77861 -9.9618 9.70469 1  ]
    ObjectInstance "Hoja_B01-a7"
AttributeEnd

AttributeBegin
    Transform [ -0.753707 -0.570737 0.325861 0 -0.650622 0.718006 -0.2473 0 0.0928272 0.398404 0.9125 0 9.71519 -10.0061 9.6788 1  ]
    ObjectInstance "Hoja_B01-a7"
AttributeEnd

AttributeBegin
    Transform [ -0.47059 0.861878 0.188974 0 0.768168 0.505558 -0.392848 0 0.434124 0.0397067 0.899978 0 10.2298 -9.35582 9.69513 1  ]
    ObjectInstance "Hoja_B01-a7"
AttributeEnd

AttributeBegin
    Transform [ 0.957796 -0.0358606 0.285202 0 0.095139 -0.896717 -0.432257 0 -0.271246 -0.441148 0.855461 0 10.1477 -9.49409 9.73414 1  ]
    ObjectInstance "Hoja_B01-a7"
AttributeEnd

AttributeBegin
    Transform [ 0.99282 0.0625498 -0.101964 0 0 -0.852395 -0.522899 0 0.119621 -0.519144 0.846274 0 10.1766 -9.47672 9.72165 1  ]
    ObjectInstance "Hoja_B01-a7"
AttributeEnd

AttributeBegin
    Transform [ 0.773409 -0.630997 -0.060675 0 -0.624607 -0.742227 -0.242827 0 -0.108188 -0.225703 0.96817 0 10.1274 -9.40911 9.81077 1  ]
    ObjectInstance "Hoja_B01-a7"
AttributeEnd

AttributeBegin
    Transform [ -0.641998 -0.754024 -0.138877 0 -0.713062 0.653766 -0.253246 0 -0.281746 0.0635552 0.957382 0 10.1436 -9.29376 9.97349 1  ]
    ObjectInstance "Hoja_B01-a7"
AttributeEnd

AttributeBegin
    Transform [ -0.159773 0.956225 0.245167 0 0.930261 0.228943 -0.286704 0 0.330283 -0.182262 0.926117 0 10.2776 -9.29438 9.95692 1  ]
    ObjectInstance "Hoja_B01-a7"
AttributeEnd

AttributeBegin
    Transform [ -0.629061 -0.755309 -0.183824 0 -0.483932 0.565568 -0.66779 0 -0.608352 0.331122 0.721295 0 9.89313 -9.48864 9.63812 1  ]
    ObjectInstance "Hoja_B01-a7"
AttributeEnd

AttributeBegin
    Transform [ -0.911207 -0.410089 -0.0391002 0 -0.328839 0.781258 -0.530566 0 -0.248127 0.470598 0.846741 0 9.80375 -9.45172 9.71326 1  ]
    ObjectInstance "Hoja_B01-a7"
AttributeEnd

AttributeBegin
    Transform [ -0.841126 0.473095 -0.262085 0 0.536087 0.665204 -0.519725 0 0.0715395 0.577655 0.81314 0 9.80807 -9.43352 9.77581 1  ]
    ObjectInstance "Hoja_B01-a7"
AttributeEnd

AttributeBegin
    Transform [ -0.544168 -0.838934 0.0083885 0 -0.49264 0.311421 -0.812602 0 -0.679108 0.446325 0.582758 0 9.65532 -9.45757 9.72926 1  ]
    ObjectInstance "Hoja_B01-a7"
AttributeEnd

AttributeBegin
    Transform [ -0.204906 -0.97878 0.00147272 0 -0.732545 0.152359 -0.663448 0 -0.649146 0.137023 0.748221 0 9.60708 -9.42312 9.79191 1  ]
    ObjectInstance "Hoja_B01-a7"
AttributeEnd

AttributeBegin
    Transform [ 0.997981 0.0253547 0.0582296 0 0.0353386 -0.983501 -0.177415 0 -0.0527705 -0.179115 0.982412 0 9.63794 -9.54133 9.84858 1  ]
    ObjectInstance "Hoja_B01-a7"
AttributeEnd

AttributeBegin
    Transform [ -0.812875 -0.501191 -0.296716 0 -0.406339 0.852978 -0.327594 0 -0.41728 0.145726 0.897018 0 9.60332 -9.41919 9.84977 1  ]
    ObjectInstance "Hoja_B01-a7"
AttributeEnd

AttributeBegin
    Transform [ -0.908893 -0.37525 0.181937 0 -0.398193 0.910532 -0.111236 0 0.123919 0.173548 0.976998 0 9.57357 -9.41824 9.79722 1  ]
    ObjectInstance "Hoja_B01-a7"
AttributeEnd

AttributeBegin
    Transform [ 0.947873 -0.161209 -0.274861 0 -0.263982 -0.880386 -0.393998 0 0.178467 -0.446018 0.877051 0 9.58207 -9.58962 9.81218 1  ]
    ObjectInstance "Hoja_B01-a7"
AttributeEnd

AttributeBegin
    Transform [ 0.815761 -0.575171 -0.0609363 0 -0.47313 -0.602988 -0.642303 0 -0.33269 -0.552797 0.764024 0 9.51834 -9.55339 9.77007 1  ]
    ObjectInstance "Hoja_B01-a7"
AttributeEnd

AttributeBegin
    Transform [ -0.24428 0.925249 0.290244 0 0.81736 0.357516 -0.451781 0 0.521776 -0.126873 0.843595 0 9.5712 -9.46809 9.87518 1  ]
    ObjectInstance "Hoja_B01-a7"
AttributeEnd

AttributeBegin
    Transform [ -0.618539 -0.757166 0.21002 0 -0.766878 0.523484 -0.371298 0 -0.171192 0.390722 0.90445 0 9.95625 -9.5798 9.93129 1  ]
    ObjectInstance "Hoja_B01-a7"
AttributeEnd

AttributeBegin
    Transform [ 0.999617 -0.0122243 0.0248459 0 -1.919e-7 -0.897281 -0.44146 0 -0.0276903 -0.441291 0.896937 0 9.99138 -9.67574 9.94948 1  ]
    ObjectInstance "Hoja_B01-a7"
AttributeEnd

AttributeBegin
    Transform [ 0.926502 0.366037 -0.0872455 0 0.200389 -0.676196 -0.708945 0 0.318495 -0.639356 0.699847 0 10.0283 -9.72993 9.88475 1  ]
    ObjectInstance "Hoja_B01-a7"
AttributeEnd

AttributeBegin
    Transform [ 0.99198 -0.0800123 0.0978501 0 0 -0.774139 -0.633015 0 -0.126399 -0.627938 0.76793 0 10.1159 -9.69271 9.93913 1  ]
    ObjectInstance "Hoja_B01-a7"
AttributeEnd

AttributeBegin
    Transform [ 0.858764 0.449213 0.246437 0 0.511926 -0.732215 -0.449214 0 0.021348 -0.511926 0.858764 0 10.0925 -9.78258 9.9396 1  ]
    ObjectInstance "Hoja_B01-a7"
AttributeEnd

AttributeBegin
    Transform [ 0.962652 -0.0525584 0.265591 0 0.0479569 -0.932362 -0.35833 0 -0.266461 -0.357684 0.89502 0 10.0679 -9.74765 10.0424 1  ]
    ObjectInstance "Hoja_B01-a7"
AttributeEnd

AttributeBegin
    Transform [ -0.925342 0.37565 -0.0512747 0 0.378776 0.910107 -0.168033 0 0.016456 0.174909 0.984447 0 10.0431 -9.68151 10.0538 1  ]
    ObjectInstance "Hoja_B01-a7"
AttributeEnd

AttributeBegin
    Transform [ 0.267367 0.963155 -0.0291235 0 0.937576 -0.267004 -0.222847 0 0.222412 -0.0322764 0.974419 0 10.1328 -9.77266 10.0564 1  ]
    ObjectInstance "Hoja_B01-a7"
AttributeEnd

AttributeBegin
    Transform [ -0.801192 0.571083 0.178761 0 0.498643 0.802286 -0.328165 0 0.330827 0.173786 0.927552 0 10.0804 -9.66483 10.1081 1  ]
    ObjectInstance "Hoja_B01-a7"
AttributeEnd

AttributeBegin
    Transform [ 0.463532 -0.859572 -0.215115 0 -0.786224 -0.287028 -0.547236 0 -0.408645 -0.42279 0.808862 0 9.97393 -9.79935 10.0962 1  ]
    ObjectInstance "Hoja_B01-a7"
AttributeEnd

AttributeBegin
    Transform [ -0.0496858 0.977581 -0.204613 0 0.985067 0.0141515 -0.17159 0 0.164848 0.210083 0.963686 0 10.1451 -9.7734 10.1721 1  ]
    ObjectInstance "Hoja_B01-a7"
AttributeEnd

AttributeBegin
    Transform [ -0.368863 -0.922886 0.110548 0 -0.69021 0.192305 -0.697588 0 -0.622535 0.333616 0.70792 0 9.96367 -9.7605 10.1815 1  ]
    ObjectInstance "Hoja_B01-a7"
AttributeEnd

AttributeBegin
    Transform [ 0.944568 -0.17675 0.276678 0 -1.639e-7 -0.842719 -0.538353 0 -0.328316 -0.508511 0.796006 0 9.9742 -9.42663 10.0965 1  ]
    ObjectInstance "Hoja_B01-a7"
AttributeEnd

AttributeBegin
    Transform [ -0.864471 0.489867 -0.112788 0 0.476705 0.727697 -0.493161 0 0.159508 0.48009 0.862595 0 10.0183 -9.30549 10.051 1  ]
    ObjectInstance "Hoja_B01-a7"
AttributeEnd

AttributeBegin
    Transform [ -0.172026 0.962681 -0.208932 0 0.781753 0.00436035 -0.623573 0 0.59939 0.270604 0.753329 0 10.0458 -9.37836 10.1329 1  ]
    ObjectInstance "Hoja_B01-a7"
AttributeEnd

AttributeBegin
    Transform [ -0.677913 0.700463 0.223125 0 0.605542 0.704158 -0.370784 0 0.416836 0.116248 0.901518 0 10.0558 -9.29083 10.084 1  ]
    ObjectInstance "Hoja_B01-a7"
AttributeEnd

AttributeBegin
    Transform [ 0.998464 -0.0394691 -0.0388782 0 -0.0546433 -0.817286 -0.573636 0 0.00913373 -0.574879 0.818188 0 10.0116 -9.38695 10.1888 1  ]
    ObjectInstance "Hoja_B01-a7"
AttributeEnd

AttributeBegin
    Transform [ 0.739092 0.64855 -0.182003 0 0.436394 -0.666836 -0.604061 0 0.51313 -0.367031 0.775877 0 9.91264 -9.65654 10.0647 1  ]
    ObjectInstance "Hoja_B01-a7"
AttributeEnd

AttributeBegin
    Transform [ 0.289256 -0.952028 -0.0998698 0 -0.947313 -0.269695 -0.172809 0 -0.137584 -0.144594 0.979879 0 9.76841 -9.55619 10.0882 1  ]
    ObjectInstance "Hoja_B01-a7"
AttributeEnd

AttributeBegin
    Transform [ 0.348728 -0.937202 -0.0063438 0 -0.787376 -0.289294 -0.544379 0 -0.508358 -0.194835 0.838816 0 9.73579 -9.62524 10.1473 1  ]
    ObjectInstance "Hoja_B01-a7"
AttributeEnd

AttributeBegin
    Transform [ 0.179338 -0.923951 -0.337864 0 -0.981971 -0.147259 -0.118522 0 -0.0597551 -0.353028 0.933703 0 9.6492 -9.6035 10.1938 1  ]
    ObjectInstance "Hoja_B01-a7"
AttributeEnd

AttributeBegin
    Transform [ -0.398209 -0.915552 0.0565208 0 -0.908458 0.385091 -0.162511 0 -0.127021 0.11606 0.985086 0 9.56188 -9.64311 10.2071 1  ]
    ObjectInstance "Hoja_B01-a7"
AttributeEnd

AttributeBegin
    Transform [ -0.867406 -0.421041 -0.265199 0 -0.392101 0.906479 -0.156691 0 -0.306371 0.0319297 0.951377 0 9.59423 -9.58636 10.2124 1  ]
    ObjectInstance "Hoja_B01-a7"
AttributeEnd

AttributeBegin
    Transform [ -0.0192831 0.987996 -0.153274 0 0.941675 -0.0335677 -0.334844 0 0.33597 0.150792 0.929724 0 10.0663 -9.5147 10.2732 1  ]
    ObjectInstance "Hoja_B01-a7"
AttributeEnd

AttributeBegin
    Transform [ -0.923514 0.222873 -0.312168 0 0.316546 0.902467 -0.292149 0 -0.216609 0.36862 0.903991 0 10.0268 -9.44704 10.2687 1  ]
    ObjectInstance "Hoja_B01-a7"
AttributeEnd

AttributeBegin
    Transform [ -0.216608 0.932841 -0.287904 0 0.972377 0.179882 -0.148742 0 0.0869639 0.312171 0.946038 0 10.1065 -9.56446 10.2918 1  ]
    ObjectInstance "Hoja_B01-a7"
AttributeEnd

AttributeBegin
    Transform [ -0.33813 0.907847 -0.247954 0 0.773012 0.11765 -0.623386 0 0.536768 0.402457 0.741558 0 10.2128 -9.54264 10.358 1  ]
    ObjectInstance "Hoja_B01-a7"
AttributeEnd

AttributeBegin
    Transform [ -0.178712 -0.968859 -0.171391 0 -0.634815 0.24663 -0.732246 0 -0.751713 0.0220597 0.659122 0 10.0436 -9.51546 10.4029 1  ]
    ObjectInstance "Hoja_B01-a7"
AttributeEnd

AttributeBegin
    Transform [ 0.853886 0.485151 -0.188432 0 0.327645 -0.782382 -0.529648 0 0.404385 -0.39052 0.827023 0 10.1258 -9.59485 10.4278 1  ]
    ObjectInstance "Hoja_B01-a7"
AttributeEnd

AttributeBegin
    Transform [ -0.963389 0.20646 -0.171046 0 0.267395 0.78642 -0.556816 0 -0.0195533 0.582167 0.812834 0 10.1712 -9.48296 10.5682 1  ]
    ObjectInstance "Hoja_B01-a7"
AttributeEnd

AttributeBegin
    Transform [ 0.953401 0.259681 -0.1536 0 0.074332 -0.695581 -0.714592 0 0.292407 -0.669875 0.682471 0 10.1664 -9.62556 10.5712 1  ]
    ObjectInstance "Hoja_B01-a7"
AttributeEnd

AttributeBegin
    Transform [ 0.160235 0.980564 -0.113222 0 0.81447 -0.196144 -0.546046 0 0.557641 0.00472057 0.830069 0 9.87636 -9.49419 10.4023 1  ]
    ObjectInstance "Hoja_B01-a7"
AttributeEnd

AttributeBegin
    Transform [ -0.94972 -0.26647 0.164395 0 -0.308479 0.886224 -0.345612 0 0.0535959 0.378948 0.923865 0 9.81551 -9.36849 10.4189 1  ]
    ObjectInstance "Hoja_B01-a7"
AttributeEnd

AttributeBegin
    Transform [ -0.116082 0.992587 -0.0359996 0 0.776331 0.0680642 -0.62664 0 0.619544 0.10069 0.778477 0 9.84916 -9.42761 10.4776 1  ]
    ObjectInstance "Hoja_B01-a7"
AttributeEnd

AttributeBegin
    Transform [ -0.845086 0.495434 -0.200935 0 0.455732 0.471052 -0.755261 0 0.279531 0.729833 0.623865 0 9.81132 -9.27794 10.5397 1  ]
    ObjectInstance "Hoja_B01-a7"
AttributeEnd

AttributeBegin
    Transform [ -0.234092 -0.948826 -0.211965 0 -0.57459 0.310894 -0.757094 0 -0.784249 0.0554371 0.617964 0 9.6502 -9.27328 10.5573 1  ]
    ObjectInstance "Hoja_B01-a7"
AttributeEnd

AttributeBegin
    Transform [ 0.646065 -0.754375 0.116265 0 -0.590659 -0.590596 -0.549835 0 -0.483447 -0.286556 0.827142 0 9.69102 -9.37689 10.6085 1  ]
    ObjectInstance "Hoja_B01-a7"
AttributeEnd

AttributeBegin
    Transform [ 0.518279 0.84632 0.123001 0 0.830575 -0.463842 -0.308214 0 0.203795 -0.261902 0.943332 0 9.79251 -9.36455 10.6265 1  ]
    ObjectInstance "Hoja_B01-a7"
AttributeEnd

AttributeBegin
    Transform [ 0.0640074 -0.953048 -0.295977 0 -0.985316 -0.0133104 -0.170223 0 -0.158291 -0.302526 0.939905 0 9.64027 -9.28147 10.7451 1  ]
    ObjectInstance "Hoja_B01-a7"
AttributeEnd

AttributeBegin
    Transform [ 0.962726 0.0305711 -0.268746 0 0 -0.993592 -0.113026 0 0.270479 -0.108813 0.956557 0 9.75481 -9.24119 10.7341 1  ]
    ObjectInstance "Hoja_B01-a7"
AttributeEnd

AttributeBegin
    Transform [ 0.474119 -0.880415 0.00890912 0 -0.509048 -0.282359 -0.813107 0 -0.718388 -0.380975 0.582046 0 9.76275 -9.60679 10.4548 1  ]
    ObjectInstance "Hoja_B01-a7"
AttributeEnd

AttributeBegin
    Transform [ -0.94328 -0.202868 -0.262808 0 -0.0297149 0.840004 -0.541766 0 -0.330667 0.503228 0.798386 0 9.79372 -9.45914 10.5155 1  ]
    ObjectInstance "Hoja_B01-a7"
AttributeEnd

AttributeBegin
    Transform [ -0.935677 0.256635 -0.242173 0 0.351897 0.729301 -0.586761 0 -0.0260341 0.634238 0.772699 0 9.85552 -9.50149 10.5639 1  ]
    ObjectInstance "Hoja_B01-a7"
AttributeEnd

AttributeBegin
    Transform [ 0.504309 -0.863521 0.00200584 0 -0.855801 -0.500108 -0.132271 0 -0.115222 -0.0649891 0.991211 0 9.77372 -9.59187 10.5738 1  ]
    ObjectInstance "Hoja_B01-a7"
AttributeEnd

AttributeBegin
    Transform [ 0.99719 0.00560935 -0.0747003 0 0 -0.997193 -0.0748813 0 0.0749106 -0.0746709 0.994391 0 9.77553 -9.50906 10.6561 1  ]
    ObjectInstance "Hoja_B01-a7"
AttributeEnd

AttributeBegin
    Transform [ -0.965353 0.170077 0.197905 0 0.116791 0.959819 -0.255162 0 0.233351 0.223208 0.946428 0 9.8009 -9.45833 10.7206 1  ]
    ObjectInstance "Hoja_B01-a7"
AttributeEnd

AttributeBegin
    Transform [ 0.757807 -0.626454 -0.182438 0 -0.626248 -0.619847 -0.472867 0 -0.183146 -0.472594 0.86204 0 10.1181 -10.2424 8.54406 1  ]
    ObjectInstance "Hoja_B01-a7"
AttributeEnd

AttributeBegin
    Transform [ -0.0901216 -0.987027 0.132876 0 -0.619663 -0.0488771 -0.783345 0 -0.779677 0.152935 0.607219 0 9.93183 -10.1957 8.72248 1  ]
    ObjectInstance "Hoja_B01-a7"
AttributeEnd

AttributeBegin
    Transform [ 0.751891 0.6591 0.0157267 0 0.555212 -0.620153 -0.554211 0 0.355528 -0.425438 0.832228 0 10.3207 -10.5658 8.21732 1  ]
    ObjectInstance "Hoja_B01-a7"
AttributeEnd

AttributeBegin
    Transform [ 0.955165 -0.280277 -0.0954123 0 -0.293646 -0.855632 -0.426222 0 -0.0378224 -0.43513 0.899573 0 10.1621 -10.6123 8.16534 1  ]
    ObjectInstance "Hoja_B01-a7"
AttributeEnd

AttributeBegin
    Transform [ 0.656804 -0.7359 0.1645 0 -0.577221 -0.631034 -0.518278 0 -0.485206 -0.245454 0.839242 0 10.1384 -10.7426 8.11427 1  ]
    ObjectInstance "Hoja_B01-a7"
AttributeEnd

AttributeBegin
    Transform [ 0.162248 0.933222 -0.320581 0 0.935181 -0.249082 -0.251784 0 0.314822 0.25895 0.913144 0 10.245 -10.726 8.21043 1  ]
    ObjectInstance "Hoja_B01-a7"
AttributeEnd

AttributeBegin
    Transform [ 0.84695 -0.508089 -0.156593 0 -0.518603 -0.724582 -0.453908 0 -0.117161 -0.465647 0.877181 0 10.067 -10.8512 8.10233 1  ]
    ObjectInstance "Hoja_B01-a7"
AttributeEnd

AttributeBegin
    Transform [ 0.377263 -0.910905 -0.16711 0 -0.687479 -0.154555 -0.709567 0 -0.62052 -0.382578 0.684535 0 10.0354 -10.8185 8.09381 1  ]
    ObjectInstance "Hoja_B01-a7"
AttributeEnd

AttributeBegin
    Transform [ 0.996819 0.0268726 -0.0750351 0 0 -0.941446 -0.337164 0 0.079702 -0.336091 0.938451 0 10.0384 -10.9201 8.14289 1  ]
    ObjectInstance "Hoja_B01-a7"
AttributeEnd

AttributeBegin
    Transform [ 0.988891 -0.132557 -0.0672505 0 -0.141895 -0.707126 -0.692704 0 -0.0442681 -0.694552 0.71808 0 10.1168 -10.9573 8.04572 1  ]
    ObjectInstance "Hoja_B01-a7"
AttributeEnd

AttributeBegin
    Transform [ -0.49429 -0.858636 0.135726 0 -0.808403 0.39662 -0.434945 0 -0.319628 0.324711 0.890169 0 9.94401 -10.9477 7.95899 1  ]
    ObjectInstance "Hoja_B01-a7"
AttributeEnd

AttributeBegin
    Transform [ 0.498828 -0.84876 -0.17543 0 -0.803631 -0.377153 -0.460363 0 -0.324574 -0.370623 0.870224 0 9.95228 -11.0404 7.99394 1  ]
    ObjectInstance "Hoja_B01-a7"
AttributeEnd

AttributeBegin
    Transform [ 0.941409 -0.235218 0.241706 0 0.00343218 -0.709942 -0.704252 0 -0.33725 -0.663819 0.667538 0 10.3476 -10.7101 8.63742 1  ]
    ObjectInstance "Hoja_B01-a7"
AttributeEnd

AttributeBegin
    Transform [ 0.903603 0.420356 0.0824737 0 0.391141 -0.731131 -0.558978 0 0.174671 -0.537353 0.825071 0 10.3711 -10.7728 8.73429 1  ]
    ObjectInstance "Hoja_B01-a7"
AttributeEnd

AttributeBegin
    Transform [ -0.909671 0.377419 0.173359 0 0.197784 0.760688 -0.618252 0 0.365212 0.528118 0.766623 0 10.3567 -10.6566 8.75126 1  ]
    ObjectInstance "Hoja_B01-a7"
AttributeEnd

AttributeBegin
    Transform [ 0.983672 -0.103621 -0.147149 0 -0.171324 -0.789558 -0.589275 0 0.0551215 -0.604864 0.794419 0 10.3611 -10.8283 8.76248 1  ]
    ObjectInstance "Hoja_B01-a7"
AttributeEnd

AttributeBegin
    Transform [ 0.812674 0.558719 -0.16551 0 0.457619 -0.787765 -0.412324 0 0.360757 -0.259345 0.895877 0 10.3923 -10.9021 8.76671 1  ]
    ObjectInstance "Hoja_B01-a7"
AttributeEnd

AttributeBegin
    Transform [ 0.0249006 -0.990283 0.13682 0 -0.755236 -0.108305 -0.646443 0 -0.65498 0.0872349 0.750594 0 10.3032 -10.8116 8.83103 1  ]
    ObjectInstance "Hoja_B01-a7"
AttributeEnd

AttributeBegin
    Transform [ 0.976763 0.0248804 -0.212874 0 -0.0956841 -0.838136 -0.537003 0 0.191778 -0.544893 0.81628 0 10.3386 -10.912 8.83299 1  ]
    ObjectInstance "Hoja_B01-a7"
AttributeEnd

AttributeBegin
    Transform [ 0.770885 0.601655 -0.209158 0 0.364706 -0.686117 -0.62947 0 0.522231 -0.408968 0.748345 0 10.1187 -10.5767 8.58221 1  ]
    ObjectInstance "Hoja_B01-a7"
AttributeEnd

AttributeBegin
    Transform [ 0.629443 -0.775908 0.0420432 0 -0.673911 -0.572035 -0.467569 0 -0.386841 -0.265975 0.882956 0 9.96923 -10.5864 8.56917 1  ]
    ObjectInstance "Hoja_B01-a7"
AttributeEnd

AttributeBegin
    Transform [ 0.689374 0.65036 0.319054 0 0.706938 -0.700121 -0.100341 0 -0.158118 -0.294724 0.94241 0 10.0599 -10.5936 8.59279 1  ]
    ObjectInstance "Hoja_B01-a7"
AttributeEnd

AttributeBegin
    Transform [ -0.895766 -0.444515 0.00313117 0 -0.364934 0.731339 -0.576165 0 -0.253824 0.517252 0.817327 0 9.90973 -10.4439 8.60481 1  ]
    ObjectInstance "Hoja_B01-a7"
AttributeEnd

AttributeBegin
    Transform [ 0.897109 0.421342 0.132914 0 0.441534 -0.844408 -0.303353 0 0.0155814 -0.330827 0.943563 0 9.99563 -10.5982 8.64109 1  ]
    ObjectInstance "Hoja_B01-a7"
AttributeEnd

AttributeBegin
    Transform [ 0.879088 0.474921 0.0406682 0 0.348236 -0.581641 -0.735137 0 0.325477 -0.660412 0.676698 0 10.0836 -10.934 8.51642 1  ]
    ObjectInstance "Hoja_B01-a7"
AttributeEnd

AttributeBegin
    Transform [ 0.747989 -0.662861 0.0335803 0 -0.552717 -0.650115 -0.521397 0 -0.367445 -0.371439 0.852653 0 9.92847 -10.9899 8.49809 1  ]
    ObjectInstance "Hoja_B01-a7"
AttributeEnd

AttributeBegin
    Transform [ 0.965985 -0.17097 -0.194018 0 -0.256785 -0.722896 -0.64147 0 0.0305832 -0.669471 0.742209 0 9.92943 -11.0262 8.44663 1  ]
    ObjectInstance "Hoja_B01-a7"
AttributeEnd

AttributeBegin
    Transform [ 0.99535 -0.024495 0.0931551 0 0 -0.967124 -0.254304 0 -0.0963217 -0.253121 0.962628 0 9.78336 -11.1381 8.55695 1  ]
    ObjectInstance "Hoja_B01-a7"
AttributeEnd

AttributeBegin
    Transform [ 0.974306 0.0282887 -0.223444 0 0 -0.992081 -0.1256 0 0.225228 -0.122373 0.966591 0 10.1032 -10.7119 8.93682 1  ]
    ObjectInstance "Hoja_B01-a7"
AttributeEnd

AttributeBegin
    Transform [ -0.4488 -0.887575 -0.103867 0 -0.870021 0.460522 -0.176017 0 -0.204062 -0.0113697 0.978892 0 9.9783 -10.7348 8.98093 1  ]
    ObjectInstance "Hoja_B01-a7"
AttributeEnd

AttributeBegin
    Transform [ 0.990185 -0.00382063 0.139709 0 0 -0.999626 -0.0273364 0 -0.139761 -0.0270681 0.989815 0 9.99857 -10.7805 9.01195 1  ]
    ObjectInstance "Hoja_B01-a7"
AttributeEnd

AttributeBegin
    Transform [ -0.771916 -0.592348 -0.230802 0 -0.481036 0.781596 -0.397129 0 -0.415633 0.195526 0.888267 0 9.97111 -10.7113 9.00935 1  ]
    ObjectInstance "Hoja_B01-a7"
AttributeEnd

AttributeBegin
    Transform [ 0.645857 -0.750577 0.139657 0 -0.714066 -0.658607 -0.237373 0 -0.270146 -0.053585 0.961327 0 9.95425 -10.8109 9.01046 1  ]
    ObjectInstance "Hoja_B01-a7"
AttributeEnd

AttributeBegin
    Transform [ -0.969676 -0.0609781 0.236663 0 -0.156217 0.899365 -0.408336 0 0.187947 0.432924 0.881619 0 10.027 -10.6713 9.03101 1  ]
    ObjectInstance "Hoja_B01-a7"
AttributeEnd

AttributeBegin
    Transform [ 0.928823 -0.370145 -0.0167333 0 -0.276773 -0.663078 -0.695503 0 -0.246341 -0.650631 0.718328 0 10.0147 -10.7922 9.04038 1  ]
    ObjectInstance "Hoja_B01-a7"
AttributeEnd

AttributeBegin
    Transform [ -0.990598 0.135067 -0.0217454 0 0.12918 0.871154 -0.473712 0 0.0450392 0.472067 0.880412 0 9.99758 -10.6448 9.06754 1  ]
    ObjectInstance "Hoja_B01-a7"
AttributeEnd

AttributeBegin
    Transform [ -0.608314 -0.745308 -0.272892 0 -0.549881 0.643691 -0.532253 0 -0.572351 0.173719 0.801397 0 9.99221 -10.6728 9.15478 1  ]
    ObjectInstance "Hoja_B01-a7"
AttributeEnd

AttributeBegin
    Transform [ 0.89423 -0.446305 0.0341332 0 -0.411433 -0.849599 -0.330007 0 -0.176283 -0.281059 0.943361 0 9.96182 -10.8055 9.16423 1  ]
    ObjectInstance "Hoja_B01-a7"
AttributeEnd

AttributeBegin
    Transform [ 0.977917 -0.019397 0.208093 0 0.0545597 -0.937463 -0.343784 0 -0.201747 -0.347545 0.915702 0 10.0354 -10.8233 9.18536 1  ]
    ObjectInstance "Hoja_B01-a7"
AttributeEnd

AttributeBegin
    Transform [ 0.97651 -0.0357022 -0.212495 0 -0.117636 -0.914576 -0.386928 0 0.180528 -0.402836 0.897292 0 9.60616 -10.9329 8.76459 1  ]
    ObjectInstance "Hoja_B01-a7"
AttributeEnd

AttributeBegin
    Transform [ 0.683034 -0.730052 -0.0220823 0 -0.477304 -0.42327 -0.77008 0 -0.552852 -0.536531 0.637565 0 9.51564 -10.894 8.80927 1  ]
    ObjectInstance "Hoja_B01-a7"
AttributeEnd

AttributeBegin
    Transform [ -0.591368 -0.802419 0.080048 0 -0.501866 0.288523 -0.815405 0 -0.631201 0.522378 0.57333 0 9.35905 -10.8199 8.77902 1  ]
    ObjectInstance "Hoja_B01-a7"
AttributeEnd

AttributeBegin
    Transform [ 0.984781 0.0236839 -0.172181 0 0 -0.990672 -0.136269 0 0.173802 -0.134195 0.975594 0 9.34492 -10.8507 8.81734 1  ]
    ObjectInstance "Hoja_B01-a7"
AttributeEnd

AttributeBegin
    Transform [ 0.997378 -0.0421239 0.0588515 0 0 -0.813164 -0.582034 0 -0.0723734 -0.580508 0.811032 0 9.17761 -10.8222 8.85048 1  ]
    ObjectInstance "Hoja_B01-a7"
AttributeEnd

AttributeBegin
    Transform [ 0.998899 0.0179626 -0.0433371 0 0 -0.923792 -0.382896 0 0.0469123 -0.382474 0.922774 0 9.13872 -10.7957 8.82511 1  ]
    ObjectInstance "Hoja_B01-a7"
AttributeEnd

AttributeBegin
    Transform [ 0.966612 -0.226963 0.118951 0 -0.0584364 -0.647221 -0.76006 0 -0.249493 -0.727732 0.638874 0 9.72314 -11.0872 8.92466 1  ]
    ObjectInstance "Hoja_B01-a7"
AttributeEnd

AttributeBegin
    Transform [ 0.233716 0.952305 -0.196196 0 0.910277 -0.285223 -0.300072 0 0.34172 0.108462 0.933522 0 9.80392 -11.1783 9.05294 1  ]
    ObjectInstance "Hoja_B01-a7"
AttributeEnd

AttributeBegin
    Transform [ 0.329068 -0.905603 0.267576 0 -0.803544 -0.417378 -0.424397 0 -0.496016 0.0753536 0.865038 0 9.58232 -11.2406 9.08926 1  ]
    ObjectInstance "Hoja_B01-a7"
AttributeEnd

AttributeBegin
    Transform [ 0.601623 0.778029 -0.180889 0 0.760211 -0.627218 -0.169344 0 0.245211 0.0356323 0.968815 0 9.70017 -11.2946 9.17207 1  ]
    ObjectInstance "Hoja_B01-a7"
AttributeEnd

AttributeBegin
    Transform [ 0.850388 -0.523619 0.0515999 0 -0.510451 -0.844811 -0.16042 0 -0.127591 -0.11008 0.985699 0 9.43434 -10.9166 9.15267 1  ]
    ObjectInstance "Hoja_B01-a7"
AttributeEnd

AttributeBegin
    Transform [ -0.524507 -0.825198 0.209619 0 -0.850639 0.518356 -0.0878702 0 0.0361471 0.224399 0.973827 0 9.43139 -10.8272 9.18675 1  ]
    ObjectInstance "Hoja_B01-a7"
AttributeEnd

AttributeBegin
    Transform [ -0.759001 -0.622037 -0.192322 0 -0.310199 0.605182 -0.733166 0 -0.572446 0.496816 0.652289 0 9.39592 -10.7517 9.20531 1  ]
    ObjectInstance "Hoja_B01-a7"
AttributeEnd

AttributeBegin
    Transform [ -0.841421 -0.522616 -0.137417 0 -0.257999 0.611963 -0.747622 0 -0.474813 0.593611 0.649753 0 9.34145 -10.7556 9.24604 1  ]
    ObjectInstance "Hoja_B01-a7"
AttributeEnd

AttributeBegin
    Transform [ 0.0357033 -0.982855 0.180891 0 -0.525095 -0.172457 -0.833387 0 -0.850294 0.0652304 0.522249 0 9.45547 -11.1069 9.07916 1  ]
    ObjectInstance "Hoja_B01-a7"
AttributeEnd

AttributeBegin
    Transform [ -0.556641 -0.801541 0.218365 0 -0.729115 0.345376 -0.590853 0 -0.398175 0.488106 0.776666 0 9.42898 -11.0882 9.14361 1  ]
    ObjectInstance "Hoja_B01-a7"
AttributeEnd

AttributeBegin
    Transform [ 0.369926 -0.889805 0.267213 0 -0.784507 -0.453245 -0.423222 0 -0.497698 0.0530693 0.865725 0 9.43449 -11.2078 9.13787 1  ]
    ObjectInstance "Hoja_B01-a7"
AttributeEnd

AttributeBegin
    Transform [ -0.917477 0.294001 0.267954 0 0.182068 0.909275 -0.374259 0 0.353677 0.294588 0.887767 0 9.47753 -11.1082 9.22981 1  ]
    ObjectInstance "Hoja_B01-a7"
AttributeEnd

AttributeBegin
    Transform [ -0.663801 -0.73612 0.132269 0 -0.744054 0.632035 -0.216603 0 -0.0758474 0.242196 0.967258 0 9.32549 -11.174 9.21688 1  ]
    ObjectInstance "Hoja_B01-a7"
AttributeEnd

AttributeBegin
    Transform [ 0.860864 -0.50207 -0.0826954 0 -0.483158 -0.755582 -0.442328 0 -0.159596 -0.420739 0.893033 0 9.31184 -11.3228 9.17509 1  ]
    ObjectInstance "Hoja_B01-a7"
AttributeEnd

AttributeBegin
    Transform [ -0.569515 0.75443 -0.326325 0 0.820239 0.54744 -0.165888 0 -0.0534924 0.36214 0.930587 0 9.28383 -11.317 9.25675 1  ]
    ObjectInstance "Hoja_B01-a7"
AttributeEnd

AttributeBegin
    Transform [ -0.342626 -0.902467 0.261079 0 -0.781459 0.11952 -0.612403 0 -0.521469 0.413847 0.746191 0 9.16822 -11.3435 9.26702 1  ]
    ObjectInstance "Hoja_B01-a7"
AttributeEnd

AttributeBegin
    Transform [ 0.984101 -0.107503 0.141378 0 -1.714e-7 -0.79601 -0.605283 0 -0.177608 -0.59566 0.783355 0 9.26191 -11.4048 9.24267 1  ]
    ObjectInstance "Hoja_B01-a7"
AttributeEnd

AttributeBegin
    Transform [ 0.0924524 -0.986344 -0.136305 0 -0.909154 -0.0277943 -0.415531 0 -0.406068 -0.162339 0.899308 0 9.15698 -11.3614 9.24396 1  ]
    ObjectInstance "Hoja_B01-a7"
AttributeEnd

AttributeBegin
    Transform [ 0.986904 0.0833336 -0.138116 0 0 -0.856222 -0.516608 0 0.161309 -0.509842 0.845009 0 9.56518 -11.0611 9.3393 1  ]
    ObjectInstance "Hoja_B01-a7"
AttributeEnd

AttributeBegin
    Transform [ -0.964574 0.26239 0.0273668 0 0.207931 0.819996 -0.533265 0 0.162364 0.508683 0.845506 0 9.73021 -11.0242 9.54287 1  ]
    ObjectInstance "Hoja_B01-a7"
AttributeEnd

AttributeBegin
    Transform [ 0.993655 0.0496556 -0.10092 0 0 -0.897269 -0.441483 0 0.112474 -0.438682 0.891576 0 9.44431 -11.1629 9.38656 1  ]
    ObjectInstance "Hoja_B01-a7"
AttributeEnd

AttributeBegin
    Transform [ -0.821998 -0.556171 0.122449 0 -0.556919 0.740121 -0.376912 0 -0.119 0.378015 0.91812 0 9.30977 -11.0872 9.36174 1  ]
    ObjectInstance "Hoja_B01-a7"
AttributeEnd

AttributeBegin
    Transform [ 0.304943 -0.914374 0.266328 0 -0.736858 -0.403692 -0.542285 0 -0.603366 0.0308799 0.796866 0 9.28554 -11.1663 9.38196 1  ]
    ObjectInstance "Hoja_B01-a7"
AttributeEnd

AttributeBegin
    Transform [ 0.953826 -0.297657 -0.0401994 0 -0.27408 -0.807795 -0.521869 0 -0.122865 -0.508791 0.852078 0 9.29369 -11.2751 9.3703 1  ]
    ObjectInstance "Hoja_B01-a7"
AttributeEnd

AttributeBegin
    Transform [ 0.764523 0.638038 -0.0917226 0 0.613533 -0.763915 -0.200027 0 0.197693 -0.0966504 0.975488 0 9.38751 -11.2339 9.40791 1  ]
    ObjectInstance "Hoja_B01-a7"
AttributeEnd

AttributeBegin
    Transform [ 0.747629 -0.657743 0.0917918 0 -0.514268 -0.660836 -0.546649 0 -0.420213 -0.361485 0.832316 0 9.25049 -11.2376 9.39082 1  ]
    ObjectInstance "Hoja_B01-a7"
AttributeEnd

AttributeBegin
    Transform [ -0.96148 -0.21992 -0.164895 0 -0.175672 0.953028 -0.246732 0 -0.211411 0.20826 0.954952 0 9.27242 -11.1249 9.41544 1  ]
    ObjectInstance "Hoja_B01-a7"
AttributeEnd

AttributeBegin
    Transform [ 0.778047 -0.559638 0.285389 0 -0.409565 -0.796359 -0.44505 0 -0.476339 -0.229385 0.848813 0 9.50483 -11.4039 9.38573 1  ]
    ObjectInstance "Hoja_B01-a7"
