#############################################

AttributeBegin
    NamedMaterial "Leave A_b"
    Shape "plymesh"
        "string filename" [ "geometry/hojas_b4_00001.ply" ]
        "texture alpha" [ "Leave A_b_Alpha" ]
AttributeEnd

AttributeBegin
    ObjectBegin "Hoja_C01-b4"

    AttributeBegin
        Transform [ 1 0 0 0 0 1 0 0 0 0 1 0 0 0 0 1  ]
        NamedMaterial "Leave A_b"
        Shape "plymesh"
            "string filename" [ "geometry/hojas_b4_00002.ply" ]
            "texture alpha" [ "Leave A_b_Alpha" ]
    AttributeEnd
    ObjectEnd
AttributeEnd

AttributeBegin
    Transform [ 0.340291 -0.912768 0.225958 0 -0.900582 -0.385479 -0.200892 0 -0.27047 0.135132 0.953197 0 16.3936 -9.53589 9.37348 1  ]
    ObjectInstance "Hoja_C01-b4"
AttributeEnd

AttributeBegin
    Transform [ -0.624992 0.768898 0.134835 0 0.499764 0.526798 -0.687547 0 0.599685 0.362325 0.713512 0 16.3936 -9.53589 9.37348 1  ]
    ObjectInstance "Hoja_C01-b4"
AttributeEnd

AttributeBegin
    Transform [ 0.675628 -0.708874 -0.202544 0 -0.562416 -0.31795 -0.763279 0 -0.476671 -0.629607 0.613499 0 18.6594 -7.74146 3.11991 1  ]
    ObjectInstance "Hoja_C01-b4"
AttributeEnd

AttributeBegin
    Transform [ -0.561563 -0.793762 -0.233642 0 -0.640115 0.59568 -0.485199 0 -0.524308 0.122913 0.842611 0 18.4977 -7.8085 3.18295 1  ]
    ObjectInstance "Hoja_C01-b4"
AttributeEnd

AttributeBegin
    Transform [ -0.614623 0.74888 0.247824 0 0.63216 0.655533 -0.413098 0 0.471818 0.0972353 0.876318 0 18.5798 -7.87892 3.21622 1  ]
    ObjectInstance "Hoja_C01-b4"
AttributeEnd

AttributeBegin
    Transform [ -0.945565 -0.109634 0.306411 0 -0.220809 0.907791 -0.356593 0 0.239062 0.40484 0.882584 0 18.4971 -7.64472 3.34807 1  ]
    ObjectInstance "Hoja_C01-b4"
AttributeEnd

AttributeBegin
    Transform [ 0.525629 -0.820501 0.224705 0 -0.646772 -0.557013 -0.520982 0 -0.55263 -0.12851 0.82346 0 18.5599 -7.39396 3.37005 1  ]
    ObjectInstance "Hoja_C01-b4"
AttributeEnd

AttributeBegin
    Transform [ 0.691326 -0.6533 -0.308653 0 -0.715282 -0.6792 -0.164496 0 0.102172 -0.334494 0.936843 0 18.5647 -7.41674 3.39931 1  ]
    ObjectInstance "Hoja_C01-b4"
AttributeEnd

AttributeBegin
    Transform [ 0.72135 0.662694 -0.201225 0 0.467133 -0.680061 -0.56507 0 0.511313 -0.313614 0.800128 0 19.2913 -8.0978 3.2143 1  ]
    ObjectInstance "Hoja_C01-b4"
AttributeEnd

AttributeBegin
    Transform [ 0.92072 -0.31734 0.227091 0 -0.0506825 -0.674269 -0.736744 0 -0.386919 -0.666826 0.636897 0 19.2931 -7.96278 3.25896 1  ]
    ObjectInstance "Hoja_C01-b4"
AttributeEnd

AttributeBegin
    Transform [ 0.957205 0.223038 0.184423 0 0.263346 -0.935537 -0.235413 0 -0.120029 -0.273906 0.954237 0 19.3374 -7.98517 3.17808 1  ]
    ObjectInstance "Hoja_C01-b4"
AttributeEnd

AttributeBegin
    Transform [ 0.997649 0.0634772 0.0258095 0 0.0685203 -0.927806 -0.366717 0 -0.000668025 -0.367624 0.929974 0 19.342 -8.01427 3.25161 1  ]
    ObjectInstance "Hoja_C01-b4"
AttributeEnd

AttributeBegin
    Transform [ 0.00613019 0.999879 0.0143155 0 0.919268 -2.161e-7 -0.393633 0 0.393585 -0.0155729 0.919156 0 19.318 -7.91687 3.25365 1  ]
    ObjectInstance "Hoja_C01-b4"
AttributeEnd

AttributeBegin
    Transform [ 0.641883 0.7651 -0.0510714 0 0.647368 -0.5764 -0.498676 0 0.410974 -0.28703 0.865283 0 19.418 -8.02275 3.31068 1  ]
    ObjectInstance "Hoja_C01-b4"
AttributeEnd

AttributeBegin
    Transform [ -0.298642 0.948736 0.1035 0 0.831038 0.311838 -0.460579 0 0.469243 0.0515357 0.881564 0 19.4024 -8.08698 3.29326 1  ]
    ObjectInstance "Hoja_C01-b4"
AttributeEnd

AttributeBegin
    Transform [ 0.96998 -0.0887209 -0.226424 0 -0.133739 -0.972247 -0.191964 0 0.203109 -0.216483 0.954925 0 19.5303 -7.83135 3.33898 1  ]
    ObjectInstance "Hoja_C01-b4"
AttributeEnd

AttributeBegin
    Transform [ 0.239604 0.92351 0.299533 0 0.89249 -0.0880723 -0.442385 0 0.382166 -0.373328 0.845326 0 18.8208 -8.01275 3.51368 1  ]
    ObjectInstance "Hoja_C01-b4"
AttributeEnd

AttributeBegin
    Transform [ 0.484084 0.863136 0.143734 0 0.850182 -0.425091 -0.310626 0 0.207012 -0.272569 0.939602 0 18.7346 -8.00944 3.55112 1  ]
    ObjectInstance "Hoja_C01-b4"
AttributeEnd

AttributeBegin
    Transform [ -0.976171 -0.0729271 -0.20438 0 0.116508 0.618442 -0.777146 0 -0.183072 0.782439 0.595209 0 18.6397 -7.98006 3.49769 1  ]
    ObjectInstance "Hoja_C01-b4"
AttributeEnd

AttributeBegin
    Transform [ 0.424828 -0.903421 -0.0578881 0 -0.63374 -0.251131 -0.731647 0 -0.646448 -0.347511 0.679221 0 18.7335 -7.80095 3.5703 1  ]
    ObjectInstance "Hoja_C01-b4"
AttributeEnd

AttributeBegin
    Transform [ 0.816411 0.55586 0.156501 0 0.572546 -0.74384 -0.344809 0 0.075254 -0.37111 0.925535 0 18.8295 -7.92123 3.6588 1  ]
    ObjectInstance "Hoja_C01-b4"
AttributeEnd

AttributeBegin
    Transform [ -0.945485 -0.298656 0.129856 0 -0.321303 0.920501 -0.222357 0 0.0531242 0.251958 0.966279 0 18.6334 -7.91963 3.74397 1  ]
    ObjectInstance "Hoja_C01-b4"
AttributeEnd

AttributeBegin
    Transform [ -0.883757 0.375286 -0.279523 0 0.464175 0.77873 -0.422045 0 -0.0592854 0.502733 0.862406 0 18.6198 -7.95569 3.8298 1  ]
    ObjectInstance "Hoja_C01-b4"
AttributeEnd

AttributeBegin
    Transform [ 0.893262 -0.39223 0.219634 0 -0.344917 -0.911339 -0.224707 0 -0.288298 -0.124966 0.949351 0 18.7297 -7.73462 3.90903 1  ]
    ObjectInstance "Hoja_C01-b4"
AttributeEnd

AttributeBegin
    Transform [ -0.0818765 -0.973766 0.212312 0 -0.730334 -0.0863334 -0.677613 0 -0.678166 0.210539 0.704105 0 18.6125 -7.72352 3.89636 1  ]
    ObjectInstance "Hoja_C01-b4"
AttributeEnd

AttributeBegin
    Transform [ -0.359799 -0.904144 -0.230365 0 -0.712754 0.425675 -0.557479 0 -0.602102 0.036387 0.79759 0 18.824 -7.56134 3.32439 1  ]
    ObjectInstance "Hoja_C01-b4"
AttributeEnd

AttributeBegin
    Transform [ 0.77835 -0.601001 0.181573 0 -0.498409 -0.767362 -0.403415 0 -0.381785 -0.223501 0.896821 0 18.9981 -7.40085 3.30028 1  ]
    ObjectInstance "Hoja_C01-b4"
AttributeEnd

AttributeBegin
    Transform [ -0.884182 -0.467125 -0.00419043 0 -0.42035 0.799496 -0.429084 0 -0.203786 0.377627 0.903255 0 18.7951 -7.4053 3.31023 1  ]
    ObjectInstance "Hoja_C01-b4"
AttributeEnd

AttributeBegin
    Transform [ -0.26807 -0.929603 0.252935 0 -0.828276 0.0882978 -0.55332 0 -0.492035 0.357829 0.793638 0 18.8373 -7.33016 3.28936 1  ]
    ObjectInstance "Hoja_C01-b4"
AttributeEnd

AttributeBegin
    Transform [ 0.967755 -0.235525 0.0893202 0 -0.125843 -0.759235 -0.638534 0 -0.218206 -0.606704 0.764393 0 19.0126 -7.343 3.33638 1  ]
    ObjectInstance "Hoja_C01-b4"
AttributeEnd

AttributeBegin
    Transform [ -0.909388 -0.356972 0.213507 0 -0.3933 0.570875 -0.720706 0 -0.135386 0.739373 0.659544 0 18.7886 -7.25029 3.33894 1  ]
    ObjectInstance "Hoja_C01-b4"
AttributeEnd

AttributeBegin
    Transform [ 0.0683936 -0.994186 0.0831629 0 -0.905443 -0.0968583 -0.413269 0 -0.418922 0.0470343 0.906803 0 18.8449 -7.17797 3.34197 1  ]
    ObjectInstance "Hoja_C01-b4"
AttributeEnd

AttributeBegin
    Transform [ -0.479678 -0.821932 -0.307145 0 -0.790274 0.556798 -0.255818 0 -0.381283 -0.120019 0.916635 0 18.8191 -7.22486 3.35473 1  ]
    ObjectInstance "Hoja_C01-b4"
AttributeEnd

AttributeBegin
    Transform [ 0.602123 -0.772818 -0.2005 0 -0.793952 -0.553099 -0.25243 0 -0.0841862 -0.311182 0.946614 0 18.9113 -7.1788 3.35839 1  ]
    ObjectInstance "Hoja_C01-b4"
AttributeEnd

AttributeBegin
    Transform [ -0.151145 -0.964218 0.217802 0 -0.96273 0.0935926 -0.253756 0 -0.224291 0.248038 0.942428 0 19.0309 -7.74109 3.64153 1  ]
    ObjectInstance "Hoja_C01-b4"
AttributeEnd

AttributeBegin
    Transform [ 0.466146 0.854238 0.230185 0 0.716389 -0.21179 -0.66478 0 0.519129 -0.474787 0.710692 0 19.1781 -7.87137 3.64117 1  ]
    ObjectInstance "Hoja_C01-b4"
AttributeEnd

AttributeBegin
    Transform [ -0.634345 0.725444 -0.26709 0 0.768252 0.553153 -0.322197 0 0.0859946 0.409577 0.908214 0 19.07 -7.86947 3.73228 1  ]
    ObjectInstance "Hoja_C01-b4"
AttributeEnd

AttributeBegin
    Transform [ 0.942581 -0.143806 0.301433 0 -0.0101276 -0.914443 -0.404587 0 -0.333825 -0.378303 0.863393 0 19.2264 -7.76359 3.75392 1  ]
    ObjectInstance "Hoja_C01-b4"
AttributeEnd

AttributeBegin
    Transform [ 0.81973 0.514841 -0.250962 0 0.356737 -0.801744 -0.479527 0 0.448087 -0.303555 0.840876 0 19.2154 -7.74148 3.8228 1  ]
    ObjectInstance "Hoja_C01-b4"
AttributeEnd

AttributeBegin
    Transform [ 0.411681 -0.859646 -0.302535 0 -0.904228 -0.343951 -0.25312 0 -0.113536 -0.377765 0.918914 0 19.2236 -7.54784 3.91331 1  ]
    ObjectInstance "Hoja_C01-b4"
AttributeEnd

AttributeBegin
    Transform [ 0.994841 -0.0678425 -0.0754216 0 -0.0914853 -0.921254 -0.378049 0 0.0438347 -0.382999 0.922708 0 19.3436 -7.60247 3.90782 1  ]
    ObjectInstance "Hoja_C01-b4"
AttributeEnd

AttributeBegin
    Transform [ 0.237837 -0.96166 -0.136543 0 -0.66532 -0.0588753 -0.744233 0 -0.70766 -0.267851 0.653815 0 18.7233 -7.41415 3.76631 1  ]
    ObjectInstance "Hoja_C01-b4"
AttributeEnd

AttributeBegin
    Transform [ -0.962849 0.191625 0.190265 0 0.0445874 0.807729 -0.587865 0 0.266332 0.557542 0.786266 0 18.626 -7.37221 3.86178 1  ]
    ObjectInstance "Hoja_C01-b4"
AttributeEnd

AttributeBegin
    Transform [ -0.996696 0.0779817 0.0227327 0 0.0726047 0.980775 -0.181134 0 0.0364208 0.178885 0.983196 0 18.6502 -7.38716 3.88521 1  ]
    ObjectInstance "Hoja_C01-b4"
AttributeEnd

AttributeBegin
    Transform [ 0.988063 -0.0937757 -0.122217 0 -0.118527 -0.969549 -0.214303 0 0.0983995 -0.226231 0.969091 0 19.2931 -7.56065 3.66125 1  ]
    ObjectInstance "Hoja_C01-b4"
AttributeEnd

AttributeBegin
    Transform [ 0.825717 -0.552056 0.115872 0 -0.498353 -0.810175 -0.308643 0 -0.264265 -0.197107 0.944094 0 19.3454 -7.59246 3.67018 1  ]
    ObjectInstance "Hoja_C01-b4"
AttributeEnd

AttributeBegin
    Transform [ 0.287584 -0.939945 0.183844 0 -0.763698 -0.340889 -0.548234 0 -0.57798 -0.0172619 0.815868 0 19.2862 -7.51096 3.69054 1  ]
    ObjectInstance "Hoja_C01-b4"
AttributeEnd

AttributeBegin
    Transform [ 0.903 -0.365556 0.225743 0 -0.284433 -0.902435 -0.323589 0 -0.322008 -0.227992 0.918875 0 19.5076 -7.55224 3.75341 1  ]
    ObjectInstance "Hoja_C01-b4"
AttributeEnd

AttributeBegin
    Transform [ -0.0158678 -0.989494 0.143703 0 -0.848038 -0.0628197 -0.526199 0 -0.529698 0.130215 0.838131 0 19.3895 -7.49173 3.803 1  ]
    ObjectInstance "Hoja_C01-b4"
AttributeEnd

AttributeBegin
    Transform [ -0.88398 -0.466845 -0.0252091 0 -0.319868 0.643242 -0.695647 0 -0.340975 0.606874 0.717941 0 18.9029 -7.6638 3.89973 1  ]
    ObjectInstance "Hoja_C01-b4"
AttributeEnd

AttributeBegin
    Transform [ -0.214841 0.925529 0.311834 0 0.941395 0.281258 -0.186195 0 0.260035 -0.253557 0.931714 0 18.9982 -7.76289 3.91505 1  ]
    ObjectInstance "Hoja_C01-b4"
AttributeEnd

AttributeBegin
    Transform [ 0.770502 0.60092 -0.212657 0 0.489363 -0.771409 -0.406759 0 0.408475 -0.209342 0.888439 0 19.0799 -7.65813 3.92871 1  ]
    ObjectInstance "Hoja_C01-b4"
AttributeEnd

AttributeBegin
    Transform [ 0.00902173 0.957151 0.289448 0 0.999515 1.425e-7 -0.0311541 0 0.0298193 -0.289588 0.956687 0 18.9093 -7.71785 4.00297 1  ]
    ObjectInstance "Hoja_C01-b4"
AttributeEnd

AttributeBegin
    Transform [ 0.183975 0.977039 0.107459 0 0.831479 -0.0963908 -0.54713 0 0.52421 -0.190008 0.830121 0 19.0653 -7.77295 4.03435 1  ]
    ObjectInstance "Hoja_C01-b4"
AttributeEnd

AttributeBegin
    Transform [ -0.9126 -0.393535 -0.110865 0 -0.368012 0.908799 -0.196601 0 -0.178123 0.138618 0.974196 0 18.8928 -7.64917 4.06589 1  ]
    ObjectInstance "Hoja_C01-b4"
AttributeEnd

AttributeBegin
    Transform [ -0.222993 -0.974634 -0.0190494 0 -0.861129 0.206107 -0.464732 0 -0.45687 0.0872282 0.885246 0 18.924 -7.57186 4.05608 1  ]
    ObjectInstance "Hoja_C01-b4"
AttributeEnd

AttributeBegin
    Transform [ -0.964124 0.235799 0.121914 0 0.0336762 0.564211 -0.824944 0 0.263306 0.791243 0.551911 0 18.8942 -7.71767 4.12081 1  ]
    ObjectInstance "Hoja_C01-b4"
AttributeEnd

AttributeBegin
    Transform [ 0.347918 -0.935208 -0.0658674 0 -0.709816 -0.216866 -0.670172 0 -0.612466 -0.279918 0.739277 0 18.9861 -7.52849 4.12082 1  ]
    ObjectInstance "Hoja_C01-b4"
AttributeEnd

AttributeBegin
    Transform [ -0.222682 -0.97026 0.0949119 0 -0.905751 0.169896 -0.388267 0 -0.360595 0.172427 0.916646 0 18.9281 -7.46028 4.258 1  ]
    ObjectInstance "Hoja_C01-b4"
AttributeEnd

AttributeBegin
    Transform [ -0.217194 -0.950341 -0.222885 0 -0.910531 0.279538 -0.304617 0 -0.351795 -0.136783 0.92603 0 18.9231 -7.49392 4.2901 1  ]
    ObjectInstance "Hoja_C01-b4"
AttributeEnd

AttributeBegin
    Transform [ 0.336955 -0.936855 0.0936174 0 -0.640736 -0.301028 -0.706286 0 -0.689869 -0.178002 0.701709 0 19.0577 -7.34052 3.73068 1  ]
    ObjectInstance "Hoja_C01-b4"
AttributeEnd

AttributeBegin
    Transform [ 0.791799 -0.585896 -0.172569 0 -0.583727 -0.642737 -0.496136 0 -0.179768 -0.493573 0.850922 0 19.0618 -7.33886 3.80065 1  ]
    ObjectInstance "Hoja_C01-b4"
AttributeEnd

AttributeBegin
    Transform [ -0.0518986 -0.984986 -0.164647 0 -0.913233 0.113527 -0.391302 0 -0.404119 -0.130053 0.905414 0 18.9595 -7.22929 3.81574 1  ]
    ObjectInstance "Hoja_C01-b4"
AttributeEnd

AttributeBegin
    Transform [ 0.762162 -0.622636 -0.177295 0 -0.637864 -0.675444 -0.370006 0 -0.110627 -0.395095 0.911955 0 19.0904 -7.2127 3.76139 1  ]
    ObjectInstance "Hoja_C01-b4"
AttributeEnd

AttributeBegin
    Transform [ 0.0651735 -0.988876 0.133703 0 -0.809487 -0.130743 -0.572396 0 -0.58351 0.0709256 0.809003 0 18.9907 -7.03702 3.79246 1  ]
    ObjectInstance "Hoja_C01-b4"
AttributeEnd

AttributeBegin
    Transform [ 0.83249 -0.539435 -0.126373 0 -0.550216 -0.831703 -0.0743752 0 0.0649843 -0.131449 0.989191 0 19.3309 -7.43283 4.0297 1  ]
    ObjectInstance "Hoja_C01-b4"
AttributeEnd

AttributeBegin
    Transform [ 0.514699 0.809575 0.282263 0 0.844663 -0.422332 -0.328906 0 0.147065 -0.407705 0.901193 0 19.3923 -7.5863 4.05796 1  ]
    ObjectInstance "Hoja_C01-b4"
AttributeEnd

AttributeBegin
    Transform [ 0.874204 0.482012 -0.058585 0 0.414501 -0.803659 -0.426991 0 0.252897 -0.348994 0.902356 0 19.4808 -7.58853 4.03721 1  ]
    ObjectInstance "Hoja_C01-b4"
AttributeEnd

AttributeBegin
    Transform [ 0.229625 -0.966949 0.110823 0 -0.928094 -0.251832 -0.274266 0 -0.29311 0.039876 0.955247 0 19.0402 -7.34187 4.10873 1  ]
    ObjectInstance "Hoja_C01-b4"
AttributeEnd

AttributeBegin
    Transform [ 0.271834 -0.928735 0.252107 0 -0.672185 -0.370715 -0.640888 0 -0.688675 -0.0047524 0.725055 0 19.006 -7.34408 4.36809 1  ]
    ObjectInstance "Hoja_C01-b4"
AttributeEnd

AttributeBegin
    Transform [ -0.664428 0.747285 -0.0100367 0 0.689894 0.608126 -0.392719 0 0.287369 0.267858 0.919604 0 18.9572 -7.51722 4.49091 1  ]
    ObjectInstance "Hoja_C01-b4"
AttributeEnd

AttributeBegin
    Transform [ -0.945873 0.314904 -0.0784867 0 0.323871 0.900414 -0.290451 0 0.0207936 0.300149 0.953665 0 18.8934 -7.4985 4.48379 1  ]
    ObjectInstance "Hoja_C01-b4"
AttributeEnd

AttributeBegin
    Transform [ -0.327733 -0.904685 -0.272279 0 -0.73039 0.425419 -0.534368 0 -0.599267 -0.0237396 0.800197 0 19.1076 -7.01735 4.14581 1  ]
    ObjectInstance "Hoja_C01-b4"
AttributeEnd

AttributeBegin
    Transform [ 0.352534 -0.923754 -0.149662 0 -0.746691 -0.181272 -0.639995 0 -0.564068 -0.337371 0.753663 0 19.1967 -6.90599 4.08972 1  ]
    ObjectInstance "Hoja_C01-b4"
AttributeEnd

AttributeBegin
    Transform [ 0.810616 -0.512505 -0.283267 0 -0.565053 -0.811545 -0.148696 0 0.153676 -0.280596 0.947444 0 19.3834 -6.81956 4.08256 1  ]
    ObjectInstance "Hoja_C01-b4"
AttributeEnd

AttributeBegin
    Transform [ 0.851296 -0.520801 -0.0637209 0 -0.390487 -0.547755 -0.739922 0 -0.350449 -0.654775 0.669667 0 19.3817 -6.68889 4.05742 1  ]
    ObjectInstance "Hoja_C01-b4"
AttributeEnd

AttributeBegin
    Transform [ 0.815774 -0.566247 -0.117799 0 -0.43039 -0.458267 -0.77766 0 -0.386365 -0.685095 0.61755 0 19.3648 -6.68386 4.01256 1  ]
    ObjectInstance "Hoja_C01-b4"
AttributeEnd

AttributeBegin
    Transform [ 0.390771 0.913444 -0.113656 0 0.896845 -0.405626 -0.176456 0 0.207284 0.0329779 0.977725 0 19.2604 -7.41064 4.43224 1  ]
    ObjectInstance "Hoja_C01-b4"
AttributeEnd

AttributeBegin
    Transform [ 0.676772 0.729258 0.100804 0 0.583841 -0.448254 -0.676904 0 0.448452 -0.516963 0.729137 0 19.3246 -7.37119 4.45808 1  ]
    ObjectInstance "Hoja_C01-b4"
AttributeEnd

AttributeBegin
    Transform [ 0.63031 -0.741005 -0.231561 0 -0.760348 -0.528987 -0.376888 0 -0.156783 -0.413623 0.896847 0 19.1547 -7.00689 4.28213 1  ]
    ObjectInstance "Hoja_C01-b4"
AttributeEnd

AttributeBegin
    Transform [ 0.205964 0.944444 0.256132 0 0.966825 -0.155987 -0.20228 0 0.151088 -0.289297 0.94524 0 19.2252 -7.14291 4.36525 1  ]
    ObjectInstance "Hoja_C01-b4"
AttributeEnd

AttributeBegin
    Transform [ 0.190832 -0.968588 -0.159436 0 -0.674699 -0.0114497 -0.738004 0 -0.712997 -0.248406 0.655691 0 19.0882 -6.7535 4.45526 1  ]
    ObjectInstance "Hoja_C01-b4"
AttributeEnd

AttributeBegin
    Transform [ -0.751105 -0.658401 0.0484627 0 -0.541887 0.572924 -0.614912 0 -0.377094 0.488125 0.787105 0 19.0027 -6.82303 4.47088 1  ]
    ObjectInstance "Hoja_C01-b4"
AttributeEnd

AttributeBegin
    Transform [ 0.95163 0.175319 0.252316 0 0.300789 -0.699084 -0.648697 0 -0.0626613 -0.693214 0.718003 0 19.5642 -7.12606 4.43203 1  ]
    ObjectInstance "Hoja_C01-b4"
AttributeEnd

AttributeBegin
    Transform [ 0.873856 0.482624 0.0587294 0 0.462837 -0.788817 -0.404413 0 0.148853 -0.380581 0.912689 0 19.5618 -7.14894 4.55413 1  ]
    ObjectInstance "Hoja_C01-b4"
AttributeEnd

AttributeBegin
    Transform [ 0.910806 -0.380429 -0.160331 0 -0.410868 -0.873174 -0.262211 0 0.0402439 -0.304698 0.951598 0 19.5837 -6.99372 4.5104 1  ]
    ObjectInstance "Hoja_C01-b4"
AttributeEnd

AttributeBegin
    Transform [ 0.136097 0.962812 0.233392 0 0.863858 -4.545e-7 -0.503736 0 0.485002 -0.270174 0.831732 0 19.6077 -7.22303 4.51887 1  ]
    ObjectInstance "Hoja_C01-b4"
AttributeEnd

AttributeBegin
    Transform [ 0.952888 0.302667 -0.01993 0 0.1779 -0.610883 -0.771475 0 0.245675 -0.731583 0.635948 0 19.7769 -7.09268 4.55256 1  ]
    ObjectInstance "Hoja_C01-b4"
AttributeEnd

AttributeBegin
    Transform [ 0.98263 0.0731379 0.170559 0 0.155863 -0.824102 -0.544576 0 -0.100729 -0.5617 0.821186 0 19.7766 -7.08144 4.63458 1  ]
    ObjectInstance "Hoja_C01-b4"
AttributeEnd

AttributeBegin
    Transform [ 0.821912 0.532315 0.202737 0 0.567485 -0.795969 -0.210701 0 -0.0492132 -0.288228 0.956296 0 19.4273 -7.13563 4.76767 1  ]
    ObjectInstance "Hoja_C01-b4"
AttributeEnd

AttributeBegin
    Transform [ 0.999534 0.0141394 0.0270457 0 0.0297853 -0.645069 -0.763543 0 -0.00665028 -0.763993 0.64519 0 19.4879 -7.07536 4.73741 1  ]
    ObjectInstance "Hoja_C01-b4"
AttributeEnd

AttributeBegin
    Transform [ 0.871805 0.489731 -0.010968 0 0.446974 -0.804453 -0.391242 0 0.200426 -0.336184 0.920223 0 19.4999 -7.11185 4.77648 1  ]
    ObjectInstance "Hoja_C01-b4"
AttributeEnd

AttributeBegin
    Transform [ -0.609161 0.787486 0.093751 0 0.737403 0.605948 -0.298436 0 0.291822 0.112663 0.949814 0 19.362 -7.23763 4.79399 1  ]
    ObjectInstance "Hoja_C01-b4"
AttributeEnd

AttributeBegin
    Transform [ 0.083656 -0.981622 -0.171524 0 -0.964033 -0.0361466 -0.263314 0 -0.252275 -0.187383 0.949339 0 19.3561 -7.07359 4.82381 1  ]
    ObjectInstance "Hoja_C01-b4"
AttributeEnd

AttributeBegin
    Transform [ 0.918645 0.39467 0.018096 0 0.300468 -0.66817 -0.680638 0 0.256536 -0.630701 0.732397 0 19.5392 -7.16089 4.88093 1  ]
    ObjectInstance "Hoja_C01-b4"
AttributeEnd

AttributeBegin
    Transform [ 0.798215 0.572532 0.187242 0 0.602347 -0.761511 -0.239332 0 -0.00556187 -0.303823 0.952712 0 19.5106 -7.176 4.89802 1  ]
    ObjectInstance "Hoja_C01-b4"
AttributeEnd

AttributeBegin
    Transform [ 0.0838251 -0.991416 0.10034 0 -0.89364 -0.119344 -0.432624 0 -0.440886 0.0534034 0.895973 0 19.3723 -6.81219 4.5699 1  ]
    ObjectInstance "Hoja_C01-b4"
AttributeEnd

AttributeBegin
    Transform [ 0.97822 -0.167148 0.123077 0 -0.0983952 -0.895482 -0.434086 0 -0.18277 -0.412522 0.892424 0 19.4854 -6.87682 4.61063 1  ]
    ObjectInstance "Hoja_C01-b4"
AttributeEnd

AttributeBegin
    Transform [ 0.532552 -0.846389 -0.00354296 0 -0.654459 -0.409128 -0.635844 0 -0.536722 -0.340939 0.77181 0 19.4768 -6.76159 4.63225 1  ]
    ObjectInstance "Hoja_C01-b4"
AttributeEnd

AttributeBegin
    Transform [ 0.956822 0.0696133 0.282216 0 0.220718 -0.805768 -0.549564 0 -0.189144 -0.588125 0.786342 0 19.5569 -6.83589 4.61464 1  ]
    ObjectInstance "Hoja_C01-b4"
AttributeEnd

AttributeBegin
    Transform [ 0.402725 0.888461 -0.220112 0 0.881971 -0.440986 -0.16631 0 0.244826 0.127155 0.961193 0 19.3611 -6.85869 4.68964 1  ]
    ObjectInstance "Hoja_C01-b4"
AttributeEnd

AttributeBegin
    Transform [ 0.935027 -0.236207 -0.264445 0 -0.351466 -0.715999 -0.603172 0 0.0468688 -0.656925 0.752497 0 19.509 -6.71525 4.62012 1  ]
    ObjectInstance "Hoja_C01-b4"
AttributeEnd

AttributeBegin
    Transform [ 0.162311 0.940686 0.297933 0 0.87814 0 -0.478403 0 0.450027 -0.339277 0.826055 0 19.4713 -6.8844 4.69456 1  ]
    ObjectInstance "Hoja_C01-b4"
AttributeEnd

AttributeBegin
    Transform [ 0.900492 -0.429327 0.069223 0 -0.312649 -0.749791 -0.583151 0 -0.302265 -0.50348 0.809409 0 19.5639 -6.7381 4.69789 1  ]
    ObjectInstance "Hoja_C01-b4"
AttributeEnd

AttributeBegin
    Transform [ 0.198903 -0.954074 -0.224011 0 -0.937725 -0.118855 -0.326412 0 -0.284797 -0.274985 0.918299 0 19.4243 -6.65864 4.68392 1  ]
    ObjectInstance "Hoja_C01-b4"
AttributeEnd

AttributeBegin
    Transform [ 0.994177 -0.107259 -0.0103925 0 -0.0802185 -0.672231 -0.735983 0 -0.0719545 -0.732531 0.676921 0 19.4725 -6.94426 4.58906 1  ]
    ObjectInstance "Hoja_C01-b4"
AttributeEnd

AttributeBegin
    Transform [ 0.92042 0.385348 -0.065835 0 0.344579 -0.87924 -0.328939 0 0.184641 -0.280077 0.942054 0 19.5186 -7.01781 4.64142 1  ]
    ObjectInstance "Hoja_C01-b4"
AttributeEnd

AttributeBegin
    Transform [ 0.923717 0.342333 -0.171916 0 0.0784351 -0.608287 -0.789832 0 0.374959 -0.716097 0.588736 0 19.5473 -6.93122 4.65167 1  ]
    ObjectInstance "Hoja_C01-b4"
AttributeEnd

AttributeBegin
    Transform [ 0.992854 -0.118781 0.0114962 0 -0.0927688 -0.828829 -0.551757 0 -0.0750665 -0.546748 0.833926 0 19.5511 -6.90522 4.69814 1  ]
    ObjectInstance "Hoja_C01-b4"
AttributeEnd

AttributeBegin
    Transform [ 0.271587 0.939257 -0.209848 0 0.882864 -0.329947 -0.334196 0 0.383135 0.0945034 0.918846 0 19.5414 -6.99093 4.79909 1  ]
    ObjectInstance "Hoja_C01-b4"
AttributeEnd

AttributeBegin
    Transform [ 0.933544 -0.347414 -0.088309 0 -0.358208 -0.894871 -0.266256 0 -0.0134759 -0.280195 0.959848 0 19.613 -6.87737 4.86039 1  ]
    ObjectInstance "Hoja_C01-b4"
AttributeEnd

AttributeBegin
    Transform [ -0.159979 0.948748 -0.272551 0 0.86241 -2.533e-7 -0.50621 0 0.480266 0.316033 0.81821 0 17.9518 -8.24793 3.65466 1  ]
    ObjectInstance "Hoja_C01-b4"
AttributeEnd

AttributeBegin
    Transform [ -0.585315 -0.810083 0.0342323 0 -0.795702 0.565788 -0.216201 0 -0.155772 0.153784 0.975749 0 17.8058 -8.16543 3.61082 1  ]
    ObjectInstance "Hoja_C01-b4"
AttributeEnd

AttributeBegin
    Transform [ -0.530852 -0.803778 0.268582 0 -0.841988 0.464265 -0.274798 0 -0.0961835 0.37202 0.923228 0 17.8064 -8.15113 3.59495 1  ]
    ObjectInstance "Hoja_C01-b4"
AttributeEnd

AttributeBegin
    Transform [ -0.977018 0.184975 -0.105928 0 0.212936 0.824262 -0.524643 0 0.00973369 0.535142 0.844706 0 17.7294 -8.2735 3.65079 1  ]
    ObjectInstance "Hoja_C01-b4"
AttributeEnd

AttributeBegin
    Transform [ 0.711685 -0.697983 -0.0795306 0 -0.319837 -0.221139 -0.921304 0 -0.625467 -0.681115 0.380622 0 17.8591 -8.08522 3.6166 1  ]
    ObjectInstance "Hoja_C01-b4"
AttributeEnd

AttributeBegin
    Transform [ 0.0981941 0.995104 -0.0112627 0 0.934152 -0.0960695 -0.343703 0 0.343102 -0.0232285 0.939011 0 17.8299 -8.18638 3.73409 1  ]
    ObjectInstance "Hoja_C01-b4"
AttributeEnd

AttributeBegin
    Transform [ 0.268582 -0.95929 0.0873334 0 -0.588613 -0.235214 -0.77344 0 -0.762495 -0.156327 0.627824 0 17.709 -7.98042 3.67566 1  ]
    ObjectInstance "Hoja_C01-b4"
AttributeEnd

AttributeBegin
    Transform [ 0.692819 -0.71256 0.110729 0 -0.617055 -0.665273 -0.420304 0 -0.373157 -0.222868 0.900602 0 17.6885 -7.96512 3.75823 1  ]
    ObjectInstance "Hoja_C01-b4"
AttributeEnd

AttributeBegin
    Transform [ 0.548795 0.787197 0.281327 0 0.8021 -0.40105 -0.442486 0 0.235497 -0.468487 0.851505 0 17.5834 -8.09589 3.78836 1  ]
    ObjectInstance "Hoja_C01-b4"
AttributeEnd

AttributeBegin
    Transform [ 0.964193 0.190449 0.184555 0 0.265179 -0.701304 -0.661704 0 -0.00340826 -0.686951 0.726696 0 18.157 -8.57335 3.87376 1  ]
    ObjectInstance "Hoja_C01-b4"
AttributeEnd

AttributeBegin
    Transform [ -0.409937 0.887863 0.20893 0 0.877657 0.446328 -0.17467 0 0.248334 -0.111765 0.962205 0 18.0672 -8.66866 3.89652 1  ]
    ObjectInstance "Hoja_C01-b4"
AttributeEnd

AttributeBegin
    Transform [ -0.0620919 0.980263 -0.187692 0 0.949398 1.453e-7 -0.314077 0 0.307878 0.197696 0.93066 0 18.048 -8.56081 3.90565 1  ]
    ObjectInstance "Hoja_C01-b4"
AttributeEnd

AttributeBegin
    Transform [ -0.115987 0.966579 0.22863 0 0.852548 0.214985 -0.476385 0 0.509615 -0.139664 0.848991 0 18.1216 -8.7436 3.96087 1  ]
    ObjectInstance "Hoja_C01-b4"
AttributeEnd

AttributeBegin
    Transform [ 0.857431 0.489643 0.15831 0 0.514503 -0.821642 -0.245339 0 -0.00994552 -0.291812 0.956424 0 18.1896 -8.69115 4.0494 1  ]
    ObjectInstance "Hoja_C01-b4"
AttributeEnd

AttributeBegin
    Transform [ -0.843566 0.521364 -0.128749 0 0.497263 0.667791 -0.553881 0 0.202796 0.531257 0.822581 0 18.0449 -8.84105 4.01684 1  ]
    ObjectInstance "Hoja_C01-b4"
AttributeEnd

AttributeBegin
    Transform [ -0.534196 -0.844333 -0.0416788 0 -0.803484 0.52244 -0.285429 0 -0.262772 0.118987 0.957493 0 17.9714 -8.67306 4.06245 1  ]
    ObjectInstance "Hoja_C01-b4"
AttributeEnd

AttributeBegin
    Transform [ -0.69278 0.717347 -0.0739523 0 0.720585 0.684532 -0.110335 0 0.0285259 0.129727 0.991139 0 18.0911 -8.84467 4.09414 1  ]
    ObjectInstance "Hoja_C01-b4"
AttributeEnd

AttributeBegin
    Transform [ -0.157982 0.984913 -0.0706232 0 0.90648 0.116295 -0.405918 0 0.39158 0.128146 0.911177 0 18.1203 -8.94618 4.11872 1  ]
    ObjectInstance "Hoja_C01-b4"
AttributeEnd

AttributeBegin
    Transform [ -0.982808 0.0612619 0.174175 0 -0.0924291 0.653387 -0.75136 0 0.159833 0.754541 0.636491 0 17.9626 -8.85882 4.14083 1  ]
    ObjectInstance "Hoja_C01-b4"
AttributeEnd

AttributeBegin
    Transform [ -0.252828 0.94784 -0.194106 0 0.962271 0.225493 -0.152276 0 0.100564 0.225282 0.96909 0 17.6018 -8.55406 3.99308 1  ]
    ObjectInstance "Hoja_C01-b4"
AttributeEnd

AttributeBegin
    Transform [ -0.894004 0.407404 0.18649 0 0.1183 0.616073 -0.778755 0 0.43216 0.674148 0.598967 0 17.4336 -8.4891 3.90359 1  ]
    ObjectInstance "Hoja_C01-b4"
AttributeEnd

AttributeBegin
    Transform [ -0.512102 -0.858825 0.0131224 0 -0.586859 0.338696 -0.735446 0 -0.627175 0.384324 0.677456 0 17.4257 -8.38854 3.91441 1  ]
    ObjectInstance "Hoja_C01-b4"
AttributeEnd

AttributeBegin
    Transform [ -0.422285 -0.90444 0.0605209 0 -0.780552 0.328871 -0.531585 0 -0.460883 0.27172 0.84484 0 17.3225 -8.37451 4.03837 1  ]
    ObjectInstance "Hoja_C01-b4"
AttributeEnd

AttributeBegin
    Transform [ -0.368843 -0.927573 0.0596889 0 -0.639147 0.206479 -0.740849 0 -0.674867 0.311407 0.669014 0 17.3493 -8.28919 4.05078 1  ]
    ObjectInstance "Hoja_C01-b4"
AttributeEnd

AttributeBegin
    Transform [ 0.0738553 -0.996764 0.0317378 0 -0.967084 -0.0793543 -0.241767 0 -0.243503 0.0128373 0.969815 0 17.3514 -8.34798 4.07957 1  ]
    ObjectInstance "Hoja_C01-b4"
AttributeEnd

AttributeBegin
    Transform [ -0.669139 -0.735688 0.10496 0 -0.665226 0.530024 -0.525879 0 -0.331252 0.421708 0.844058 0 17.2455 -8.34575 4.01347 1  ]
    ObjectInstance "Hoja_C01-b4"
AttributeEnd

AttributeBegin
    Transform [ -0.494344 -0.867959 -0.0476595 0 -0.548413 0.353947 -0.757604 0 -0.674438 0.34838 0.650972 0 17.2646 -8.33096 4.10406 1  ]
    ObjectInstance "Hoja_C01-b4"
AttributeEnd

AttributeBegin
    Transform [ -0.99455 0.0454318 -0.093842 0 0.102314 0.598421 -0.794622 0 -0.020056 0.799892 0.599808 0 17.2198 -8.48679 4.06242 1  ]
    ObjectInstance "Hoja_C01-b4"
AttributeEnd

AttributeBegin
    Transform [ -0.081519 -0.996671 -0.000722409 0 -0.99123 0.0811495 -0.104297 0 -0.104008 0.0077861 0.994546 0 17.1946 -8.33785 4.13834 1  ]
    ObjectInstance "Hoja_C01-b4"
AttributeEnd

AttributeBegin
    Transform [ -0.605973 0.771648 0.193279 0 0.67872 0.628255 -0.380309 0 0.414892 0.0992749 0.904439 0 17.2021 -8.50012 4.1458 1  ]
    ObjectInstance "Hoja_C01-b4"
AttributeEnd

AttributeBegin
    Transform [ -0.999212 0.0316576 -0.0239473 0 0.0392301 0.879612 -0.474073 0 -0.00605634 0.474638 0.88016 0 17.0471 -8.44008 4.16811 1  ]
    ObjectInstance "Hoja_C01-b4"
AttributeEnd

AttributeBegin
    Transform [ -0.518651 0.811664 0.268705 0 0.57049 0.562621 -0.59833 0 0.636822 0.157031 0.75485 0 17.1094 -8.50383 4.17827 1  ]
    ObjectInstance "Hoja_C01-b4"
AttributeEnd

AttributeBegin
    Transform [ 0.543902 0.827465 0.139542 0 0.686775 -0.343388 -0.640644 0 0.482194 -0.444281 0.755052 0 17.782 -8.20094 4.15876 1  ]
    ObjectInstance "Hoja_C01-b4"
AttributeEnd

AttributeBegin
    Transform [ 0.529753 -0.829684 0.176028 0 -0.823285 -0.552912 -0.128415 0 -0.203871 0.0768927 0.975973 0 17.9166 -8.11707 4.27444 1  ]
    ObjectInstance "Hoja_C01-b4"
AttributeEnd

AttributeBegin
    Transform [ -0.829797 -0.542873 0.129333 0 -0.516214 0.658615 -0.547494 0 -0.212039 0.521072 0.826755 0 17.7202 -8.10667 4.34889 1  ]
    ObjectInstance "Hoja_C01-b4"
AttributeEnd

AttributeBegin
    Transform [ -0.95542 0.255201 -0.148477 0 0.276725 0.598678 -0.751669 0 0.102937 0.759247 0.64261 0 17.769 -8.15893 4.4887 1  ]
    ObjectInstance "Hoja_C01-b4"
AttributeEnd

AttributeBegin
    Transform [ -0.400043 -0.893097 0.205773 0 -0.711043 0.16078 -0.68452 0 -0.578259 0.420151 0.699349 0 17.7841 -7.94806 4.58958 1  ]
    ObjectInstance "Hoja_C01-b4"
AttributeEnd

AttributeBegin
    Transform [ 0.976512 0.184511 0.111263 0 0.208693 -0.938383 -0.275472 0 -0.0535797 -0.292222 0.954849 0 17.6413 -8.66919 4.38283 1  ]
    ObjectInstance "Hoja_C01-b4"
AttributeEnd

AttributeBegin
    Transform [ -0.363466 0.923556 0.122213 0 0.642352 0.343461 -0.685141 0 0.674742 0.170522 0.718084 0 17.5466 -8.77837 4.37764 1  ]
    ObjectInstance "Hoja_C01-b4"
AttributeEnd

AttributeBegin
    Transform [ -0.990046 -0.0389586 0.135246 0 -0.113076 0.792333 -0.599519 0 0.0838034 0.608844 0.788851 0 17.4095 -8.71244 4.28175 1  ]
    ObjectInstance "Hoja_C01-b4"
AttributeEnd

AttributeBegin
    Transform [ -0.94592 0.314327 -0.0802141 0 0.311254 0.809724 -0.497461 0 0.0914141 0.495525 0.86377 0 17.4229 -8.81571 4.37129 1  ]
    ObjectInstance "Hoja_C01-b4"
AttributeEnd

AttributeBegin
    Transform [ -0.819414 0.553795 0.147893 0 0.256272 0.584734 -0.769683 0 0.512724 0.592788 0.621061 0 17.3374 -8.77368 4.36762 1  ]
    ObjectInstance "Hoja_C01-b4"
AttributeEnd

AttributeBegin
    Transform [ -0.707792 -0.689343 0.154393 0 -0.599819 0.471005 -0.646816 0 -0.373159 0.550419 0.746854 0 17.3147 -8.66603 4.35927 1  ]
    ObjectInstance "Hoja_C01-b4"
AttributeEnd

AttributeBegin
    Transform [ -0.139817 0.956208 0.257134 0 0.908349 0.227232 -0.351095 0 0.394149 -0.184479 0.900341 0 17.4082 -8.90626 4.40234 1  ]
    ObjectInstance "Hoja_C01-b4"
AttributeEnd

AttributeBegin
    Transform [ -0.00300129 0.999918 -0.0124098 0 0.971972 -3.285e-7 -0.235096 0 0.235076 0.0127676 0.971893 0 17.4191 -8.84884 4.48517 1  ]
    ObjectInstance "Hoja_C01-b4"
AttributeEnd

AttributeBegin
    Transform [ -0.247254 -0.954965 -0.164033 0 -0.925438 0.282903 -0.25205 0 -0.287105 -0.0894821 0.953711 0 17.296 -8.75011 4.51694 1  ]
    ObjectInstance "Hoja_C01-b4"
AttributeEnd

AttributeBegin
    Transform [ -0.72332 -0.685179 -0.085659 0 -0.376982 0.495775 -0.782363 0 -0.578526 0.533607 0.616904 0 17.1697 -8.82014 4.54413 1  ]
    ObjectInstance "Hoja_C01-b4"
AttributeEnd

AttributeBegin
    Transform [ -0.609692 0.790021 0.0643697 0 0.444481 0.408002 -0.797478 0 0.656287 0.457605 0.599905 0 17.2387 -9.0484 4.56463 1  ]
    ObjectInstance "Hoja_C01-b4"
AttributeEnd

AttributeBegin
    Transform [ -0.0872843 -0.994886 -0.0508394 0 -0.674468 0.0965769 -0.731961 0 -0.733127 0.0295991 0.679448 0 17.5462 -8.13268 4.28464 1  ]
    ObjectInstance "Hoja_C01-b4"
AttributeEnd

AttributeBegin
    Transform [ 0.9327 -0.35229 -0.0772155 0 -0.300775 -0.641669 -0.705546 0 -0.19901 -0.681287 0.704445 0 17.6513 -8.13349 4.30074 1  ]
    ObjectInstance "Hoja_C01-b4"
AttributeEnd

AttributeBegin
    Transform [ -0.313442 -0.946956 -0.0709134 0 -0.888246 0.318778 -0.330757 0 -0.335818 0.0406847 0.941048 0 17.4773 -8.05678 4.33932 1  ]
    ObjectInstance "Hoja_C01-b4"
AttributeEnd

AttributeBegin
    Transform [ -0.0284877 0.998213 -0.0525276 0 0.879046 1.825e-7 -0.476736 0 0.475884 0.0597553 0.877476 0 17.4337 -8.19571 4.33403 1  ]
    ObjectInstance "Hoja_C01-b4"
AttributeEnd

AttributeBegin
    Transform [ 0.633145 -0.741679 -0.221449 0 -0.769829 -0.573603 -0.279898 0 -0.0805704 -0.347694 0.93414 0 17.5006 -7.9699 4.39214 1  ]
    ObjectInstance "Hoja_C01-b4"
AttributeEnd

AttributeBegin
    Transform [ 0.349885 0.888859 0.295822 0 0.90452 -0.238372 -0.353585 0 0.243772 -0.391291 0.887394 0 17.503 -8.02242 4.44667 1  ]
    ObjectInstance "Hoja_C01-b4"
AttributeEnd

AttributeBegin
    Transform [ 0.345521 -0.926573 0.148585 0 -0.901798 -0.371648 -0.220541 0 -0.259568 0.057792 0.963994 0 17.5708 -8.35205 4.70664 1  ]
    ObjectInstance "Hoja_C01-b4"
AttributeEnd

AttributeBegin
    Transform [ -0.329022 -0.944242 -0.0123002 0 -0.901875 0.318067 -0.292327 0 -0.27994 0.0850887 0.956239 0 17.4344 -8.45676 4.7957 1  ]
    ObjectInstance "Hoja_C01-b4"
AttributeEnd

AttributeBegin
    Transform [ -0.494966 0.847614 -0.191202 0 0.748994 0.304652 -0.588383 0 0.440472 0.434439 0.785651 0 17.5323 -8.55077 4.84675 1  ]
    ObjectInstance "Hoja_C01-b4"
AttributeEnd

AttributeBegin
    Transform [ -0.222575 -0.97024 -0.0953639 0 -0.858977 0.241431 -0.45152 0 -0.461107 0.0185818 0.88715 0 17.44 -8.42526 4.87309 1  ]
    ObjectInstance "Hoja_C01-b4"
AttributeEnd

AttributeBegin
    Transform [ -0.0417512 0.994789 -0.0930188 0 0.912314 0 -0.40949 0 0.407356 0.101959 0.90756 0 17.4404 -8.48253 4.94528 1  ]
    ObjectInstance "Hoja_C01-b4"
AttributeEnd

AttributeBegin
    Transform [ -0.168396 0.977851 0.124297 0 0.564684 0.199054 -0.800943 0 0.807945 0.0646869 0.585697 0 17.5078 -8.63332 4.93043 1  ]
    ObjectInstance "Hoja_C01-b4"
AttributeEnd

AttributeBegin
    Transform [ -0.0793168 0.957251 -0.27817 0 0.96167 0 -0.274209 0 0.262487 0.289257 0.92056 0 17.5632 -8.48493 5.04562 1  ]
    ObjectInstance "Hoja_C01-b4"
AttributeEnd

AttributeBegin
    Transform [ 0.274219 0.921599 -0.274697 0 0.764419 -0.38221 -0.51921 0 0.583496 0.0676064 0.809297 0 17.4507 -8.48237 5.06741 1  ]
    ObjectInstance "Hoja_C01-b4"
AttributeEnd

AttributeBegin
    Transform [ 0.0228136 -0.977528 0.20957 0 -0.734983 -0.158499 -0.659301 0 -0.677702 0.138989 0.722082 0 17.4616 -8.42476 5.10964 1  ]
    ObjectInstance "Hoja_C01-b4"
AttributeEnd

AttributeBegin
    Transform [ 0.0840704 0.976473 0.198578 0 0.920874 -2.31e-7 -0.389861 0 0.380689 -0.215641 0.899208 0 17.482 -8.59355 5.14699 1  ]
    ObjectInstance "Hoja_C01-b4"
AttributeEnd

AttributeBegin
    Transform [ 0.040121 -0.985583 0.164367 0 -0.999068 -0.0421933 -0.00913401 0 -0.0159375 0.163847 0.986357 0 17.4661 -8.49946 5.25305 1  ]
    ObjectInstance "Hoja_C01-b4"
AttributeEnd

AttributeBegin
    Transform [ 0.122013 -0.986548 -0.108798 0 -0.958005 -0.0883993 -0.272786 0 -0.259499 -0.137513 0.955903 0 17.4801 -8.47132 5.24414 1  ]
    ObjectInstance "Hoja_C01-b4"
AttributeEnd

AttributeBegin
    Transform [ -0.819984 -0.567615 0.0737451 0 -0.568578 0.792903 -0.219144 0 -0.0659167 0.221624 0.972902 0 17.0964 -8.45037 4.56732 1  ]
    ObjectInstance "Hoja_C01-b4"
AttributeEnd

AttributeBegin
    Transform [ -0.771734 0.619438 0.143953 0 0.441005 0.684371 -0.580647 0 0.458192 0.384622 0.801328 0 17.1259 -8.54702 4.55736 1  ]
    ObjectInstance "Hoja_C01-b4"
AttributeEnd

AttributeBegin
    Transform [ -0.976009 -0.0674963 0.207005 0 -0.190703 0.723783 -0.663152 0 0.105066 0.686719 0.71929 0 17.0929 -8.50323 4.63848 1  ]
    ObjectInstance "Hoja_C01-b4"
AttributeEnd

AttributeBegin
    Transform [ 0.385902 0.92191 0.0340897 0 0.773271 -0.303089 -0.556946 0 0.503122 -0.241287 0.829849 0 17.2412 -8.55927 4.65448 1  ]
    ObjectInstance "Hoja_C01-b4"
AttributeEnd

AttributeBegin
    Transform [ -0.939678 0.338793 0.0471627 0 0.181867 0.611614 -0.769969 0 0.289705 0.714946 0.636336 0 17.0563 -8.48837 4.58254 1  ]
    ObjectInstance "Hoja_C01-b4"
AttributeEnd

AttributeBegin
    Transform [ -0.897387 0.429436 -0.101399 0 0.31988 0.474861 -0.819868 0 0.303931 0.768174 0.563502 0 17.0293 -8.57255 4.62124 1  ]
    ObjectInstance "Hoja_C01-b4"
AttributeEnd

AttributeBegin
    Transform [ -0.993433 -0.0419901 -0.106429 0 0.0385848 0.752768 -0.657154 0 -0.10771 0.656946 0.746204 0 16.8839 -8.48031 4.66596 1  ]
    ObjectInstance "Hoja_C01-b4"
AttributeEnd

AttributeBegin
    Transform [ 0.0353745 -0.99848 -0.0422652 0 -0.655873 0.00871471 -0.754821 0 -0.754042 -0.054422 0.654568 0 16.9233 -8.35741 4.67895 1  ]
    ObjectInstance "Hoja_C01-b4"
AttributeEnd

AttributeBegin
    Transform [ -0.863341 0.434521 -0.256582 0 0.481278 0.861878 -0.159802 0 -0.151705 0.261451 0.95322 0 16.7235 -8.54778 4.73633 1  ]
    ObjectInstance "Hoja_C01-b4"
AttributeEnd

AttributeBegin
    Transform [ -0.960107 0.279585 -0.00514648 0 0.214691 0.725216 -0.654195 0 0.179171 0.629202 0.756309 0 16.6884 -8.53494 4.69928 1  ]
    ObjectInstance "Hoja_C01-b4"
AttributeEnd

AttributeBegin
    Transform [ 0.843131 -0.487014 -0.227921 0 -0.536518 -0.790151 -0.296328 0 0.0357759 -0.372127 0.927492 0 17.2825 -8.10952 4.90668 1  ]
    ObjectInstance "Hoja_C01-b4"
AttributeEnd

AttributeBegin
    Transform [ 0.815593 -0.54201 0.202565 0 -0.404335 -0.784282 -0.470547 0 -0.413909 -0.301871 0.858809 0 17.1995 -8.10312 4.91873 1  ]
    ObjectInstance "Hoja_C01-b4"
AttributeEnd

AttributeBegin
    Transform [ -0.45826 -0.874506 0.158861 0 -0.774482 0.305187 -0.554111 0 -0.436091 0.376962 0.817144 0 17.0671 -8.00998 4.92354 1  ]
    ObjectInstance "Hoja_C01-b4"
AttributeEnd

AttributeBegin
    Transform [ 0.105328 -0.953787 0.281421 0 -0.821898 -0.242805 -0.515296 0 -0.559812 0.177024 0.809489 0 17.1806 -7.96919 4.99531 1  ]
    ObjectInstance "Hoja_C01-b4"
AttributeEnd

AttributeBegin
    Transform [ -0.800394 -0.590538 -0.103125 0 -0.432855 0.688328 -0.582101 0 -0.414736 0.421271 0.806551 0 17.042 -7.99635 5.00392 1  ]
    ObjectInstance "Hoja_C01-b4"
AttributeEnd

AttributeBegin
    Transform [ -0.176922 -0.971985 0.154737 0 -0.775321 0.0407912 -0.630248 0 -0.60628 0.231476 0.760817 0 17.0275 -7.92803 5.05573 1  ]
    ObjectInstance "Hoja_C01-b4"
AttributeEnd

AttributeBegin
    Transform [ -0.300048 -0.948808 0.0986612 0 -0.663962 0.133461 -0.73576 0 -0.684928 0.28627 0.670017 0 17.0588 -7.87103 5.0893 1  ]
    ObjectInstance "Hoja_C01-b4"
AttributeEnd

AttributeBegin
    Transform [ 0.542814 0.776569 0.319832 0 0.835854 -0.462405 -0.295853 0 0.0818581 -0.427926 0.900099 0 17.2663 -8.60159 5.09563 1  ]
    ObjectInstance "Hoja_C01-b4"
AttributeEnd

AttributeBegin
    Transform [ -0.821835 0.561535 -0.0962586 0 0.567334 0.791159 -0.22847 0 0.0521377 0.242375 0.968781 0 17.0646 -8.74758 5.2601 1  ]
    ObjectInstance "Hoja_C01-b4"
AttributeEnd

AttributeBegin
    Transform [ -0.937028 0.188568 -0.293974 0 0.246793 0.953082 -0.175291 0 -0.247127 0.236804 0.939602 0 17.0124 -8.72782 5.29449 1  ]
    ObjectInstance "Hoja_C01-b4"
AttributeEnd

AttributeBegin
    Transform [ 0.714649 0.670702 0.198585 0 0.681724 -0.604277 -0.412434 0 0.15662 -0.430125 0.88908 0 17.1417 -8.80391 5.33097 1  ]
