#############################################

AttributeBegin
    ObjectBegin "Hoja_B01-a5"

    AttributeBegin
        Transform [ 1 0 0 0 0 1 0 0 0 0 1 0 0 0 0 1  ]
        NamedMaterial "Leave A_b"
        Shape "plymesh"
            "string filename" [ "geometry/hojas_a5_00001.ply" ]
            "texture alpha" [ "Leave A_b_Alpha" ]
    AttributeEnd
    ObjectEnd
AttributeEnd

AttributeBegin
    Transform [ -0.691947 0.585534 0.422325 0 0.632802 0.773494 -0.0356172 0 0.347521 -0.242603 0.905744 0 13.8114 -9.38072 12.9525 1  ]
    ObjectInstance "Hoja_B01-a5"
AttributeEnd

AttributeBegin
    Transform [ 0.991804 -0.105819 -0.0715992 0 -0.120989 -0.59778 -0.792477 0 -0.0410587 -0.794645 0.605684 0 10.4786 -10.1421 8.53252 1  ]
    ObjectInstance "Hoja_B01-a5"
AttributeEnd

AttributeBegin
    Transform [ -0.919102 -0.0797323 -0.385869 0 -0.247145 0.879371 0.406971 0 -0.306873 -0.469414 0.827937 0 10.478 -10.016 8.54333 1  ]
    ObjectInstance "Hoja_B01-a5"
AttributeEnd

AttributeBegin
    Transform [ 0.991746 0.0267809 0.12539 0 0.116971 -0.589503 -0.799252 0 -0.0525129 -0.807322 0.58777 0 10.4917 -10.2254 8.60452 1  ]
    ObjectInstance "Hoja_B01-a5"
AttributeEnd

AttributeBegin
    Transform [ 0.530124 -0.841065 -0.107603 0 -0.817117 -0.472841 -0.329761 0 -0.226471 -0.262738 0.937912 0 10.4045 -10.2004 8.58492 1  ]
    ObjectInstance "Hoja_B01-a5"
AttributeEnd

AttributeBegin
    Transform [ 0.99207 -0.11606 0.0482286 0 -0.0169943 -0.504086 -0.863486 0 -0.124528 -0.85582 0.502062 0 10.7538 -9.7473 8.54024 1  ]
    ObjectInstance "Hoja_B01-a5"
AttributeEnd

AttributeBegin
    Transform [ 0.981041 -1.481e-7 0.1938 0 0.0207871 -0.994231 -0.105228 0 -0.192682 -0.107262 0.975381 0 10.7922 -9.69085 8.55379 1  ]
    ObjectInstance "Hoja_B01-a5"
AttributeEnd

AttributeBegin
    Transform [ -0.332985 -0.820461 -0.464719 0 -0.930123 0.36676 0.0189472 0 -0.154895 -0.438555 0.885256 0 10.6803 -9.60102 8.58956 1  ]
    ObjectInstance "Hoja_B01-a5"
AttributeEnd

AttributeBegin
    Transform [ 0.920954 0.115463 -0.372172 0 -0.0157329 -0.943295 -0.331581 0 0.389354 -0.311227 0.866915 0 10.7454 -9.67968 8.61594 1  ]
    ObjectInstance "Hoja_B01-a5"
AttributeEnd

AttributeBegin
    Transform [ -0.980043 0.0336056 0.195923 0 0.0619136 0.988185 0.140206 0 0.188896 -0.149538 0.970545 0 10.8162 -9.53303 8.64671 1  ]
    ObjectInstance "Hoja_B01-a5"
AttributeEnd

AttributeBegin
    Transform [ 0.957662 -1.446e-7 -0.287895 0 -0.152529 -0.848119 -0.507375 0 0.24417 -0.529806 0.812211 0 10.7793 -9.64502 8.67119 1  ]
    ObjectInstance "Hoja_B01-a5"
AttributeEnd

AttributeBegin
    Transform [ 0.480407 -0.798406 -0.362984 0 -0.871194 -0.482141 -0.092523 0 0.101138 -0.360678 0.92719 0 10.7004 -9.70117 8.69404 1  ]
    ObjectInstance "Hoja_B01-a5"
AttributeEnd

AttributeBegin
    Transform [ 0.735082 0.419453 0.532648 0 0.651354 -0.654925 -0.383159 0 -0.188127 -0.628595 0.754636 0 10.8639 -9.69267 8.70568 1  ]
    ObjectInstance "Hoja_B01-a5"
AttributeEnd

AttributeBegin
    Transform [ -0.909445 -0.121232 0.397759 0 0.0031321 0.954532 0.298091 0 0.415812 -0.272344 0.867715 0 10.7829 -9.53134 8.76009 1  ]
    ObjectInstance "Hoja_B01-a5"
AttributeEnd

AttributeBegin
    Transform [ 0.851136 -0.519263 -0.0770259 0 -0.464008 -0.675574 -0.572972 0 -0.245486 -0.523418 0.815948 0 10.7785 -9.71127 8.74882 1  ]
    ObjectInstance "Hoja_B01-a5"
AttributeEnd

AttributeBegin
    Transform [ 0.393778 0.869863 0.297116 0 0.860449 -0.46253 0.213761 0 -0.323368 -0.171478 0.930606 0 10.8711 -9.6921 8.76651 1  ]
    ObjectInstance "Hoja_B01-a5"
AttributeEnd

AttributeBegin
    Transform [ 0.557792 0.778129 0.288761 0 0.728068 -0.291697 -0.620347 0 0.398479 -0.556262 0.729237 0 10.8993 -9.62879 8.75595 1  ]
    ObjectInstance "Hoja_B01-a5"
AttributeEnd

AttributeBegin
    Transform [ -0.85728 -0.510737 0.0649467 0 -0.513328 0.857611 -0.0315998 0 0.0395598 0.0604288 0.997388 0 10.3451 -9.61164 8.52633 1  ]
    ObjectInstance "Hoja_B01-a5"
AttributeEnd

AttributeBegin
    Transform [ 0.71539 -0.69844 -0.0199953 0 -0.68021 -0.689603 -0.248522 0 -0.159788 -0.191391 0.96842 0 10.3534 -9.69252 8.58681 1  ]
    ObjectInstance "Hoja_B01-a5"
AttributeEnd

AttributeBegin
    Transform [ 0.976112 -1.474e-7 -0.217268 0 -0.0828509 -0.924439 -0.37222 0 0.200851 -0.381329 0.902356 0 10.4184 -9.58909 8.61316 1  ]
    ObjectInstance "Hoja_B01-a5"
AttributeEnd

AttributeBegin
    Transform [ 0.0133639 -0.664502 -0.747167 0 -0.874189 0.354976 -0.331338 0 -0.485402 -0.657593 0.576156 0 10.299 -9.60857 8.51981 1  ]
    ObjectInstance "Hoja_B01-a5"
AttributeEnd

AttributeBegin
    Transform [ 0.927986 0.27752 -0.248646 0 0.0367794 -0.732262 -0.68003 0 0.370795 -0.621913 0.689735 0 10.3765 -9.74559 8.58116 1  ]
    ObjectInstance "Hoja_B01-a5"
AttributeEnd

AttributeBegin
    Transform [ -0.622986 -0.78092 0.045304 0 -0.675788 0.566476 0.47161 0 0.393953 -0.26319 0.880643 0 10.3013 -9.65248 8.59881 1  ]
    ObjectInstance "Hoja_B01-a5"
AttributeEnd

AttributeBegin
    Transform [ -0.729572 0.338546 0.594232 0 0.579555 0.767356 0.274373 0 0.363099 -0.544565 0.756048 0 10.3847 -9.55273 8.61055 1  ]
    ObjectInstance "Hoja_B01-a5"
AttributeEnd

AttributeBegin
    Transform [ 0.948777 -0.0480457 -0.312273 0 -0.0927776 -0.987163 -0.130003 0 0.302018 -0.152315 0.941055 0 10.2708 -9.71501 8.60886 1  ]
    ObjectInstance "Hoja_B01-a5"
AttributeEnd

AttributeBegin
    Transform [ 0.972108 -0.186445 -0.142281 0 -0.229885 -0.877646 -0.420583 0 0.0464568 -0.441561 0.896028 0 10.2979 -9.72715 8.64895 1  ]
    ObjectInstance "Hoja_B01-a5"
AttributeEnd

AttributeBegin
    Transform [ -0.627899 0.606318 0.487977 0 0.777869 0.509617 0.367709 0 0.0257329 -0.610466 0.791624 0 10.3595 -9.62608 8.66488 1  ]
    ObjectInstance "Hoja_B01-a5"
AttributeEnd

AttributeBegin
    Transform [ -0.196973 -0.684344 -0.70205 0 -0.802182 0.524183 -0.285896 0 -0.563654 -0.506858 0.652218 0 10.2178 -9.58583 8.61376 1  ]
    ObjectInstance "Hoja_B01-a5"
AttributeEnd

AttributeBegin
    Transform [ -0.391513 -0.872042 -0.293701 0 -0.858301 0.46115 -0.225078 0 -0.331717 -0.163963 0.929021 0 10.1843 -9.63599 8.63917 1  ]
    ObjectInstance "Hoja_B01-a5"
AttributeEnd

AttributeBegin
    Transform [ 0.12552 -0.935466 -0.330375 0 -0.989755 -0.0952384 -0.106369 0 -0.0680406 -0.340342 0.937837 0 10.1929 -9.64272 8.7256 1  ]
    ObjectInstance "Hoja_B01-a5"
AttributeEnd

AttributeBegin
    Transform [ 0.841005 0.451391 0.298254 0 0.526112 -0.55378 -0.645394 0 0.126158 -0.699695 0.703215 0 10.2925 -9.68857 8.73041 1  ]
    ObjectInstance "Hoja_B01-a5"
AttributeEnd

AttributeBegin
    Transform [ -0.936438 -0.284269 0.205608 0 -0.311601 0.943214 -0.115114 0 0.161209 0.171865 0.971841 0 10.1777 -9.53881 8.64807 1  ]
    ObjectInstance "Hoja_B01-a5"
AttributeEnd

AttributeBegin
    Transform [ -0.0107494 0.905423 0.424376 0 0.996399 0.0453971 -0.071618 0 0.08411 -0.422077 0.90265 0 10.2214 -9.57052 8.77276 1  ]
    ObjectInstance "Hoja_B01-a5"
AttributeEnd

AttributeBegin
    Transform [ -0.495914 -0.796347 -0.346266 0 -0.838915 0.33638 0.427866 0 0.224253 -0.502673 0.834884 0 10.0565 -9.57846 8.71589 1  ]
    ObjectInstance "Hoja_B01-a5"
AttributeEnd

AttributeBegin
    Transform [ 0.0207288 0.90801 0.418435 0 0.924706 -0.176535 0.337275 0 -0.380118 -0.379938 0.843302 0 10.1628 -9.60476 8.79049 1  ]
    ObjectInstance "Hoja_B01-a5"
AttributeEnd

AttributeBegin
    Transform [ 0.0766792 -0.718331 -0.691463 0 -0.969872 0.107099 -0.218813 0 -0.231235 -0.687409 0.688476 0 10.0099 -9.53054 8.77322 1  ]
    ObjectInstance "Hoja_B01-a5"
AttributeEnd

AttributeBegin
    Transform [ -0.444216 0.678166 0.585459 0 0.77959 0.614606 -0.120415 0 0.441488 -0.402928 0.801709 0 10.107 -9.49139 8.823 1  ]
    ObjectInstance "Hoja_B01-a5"
AttributeEnd

AttributeBegin
    Transform [ -0.764969 -0.579123 -0.281848 0 -0.637201 0.744229 0.200246 0 -0.0937926 -0.332776 0.93833 0 10.0152 -9.47887 8.83238 1  ]
    ObjectInstance "Hoja_B01-a5"
AttributeEnd

AttributeBegin
    Transform [ -0.879188 0.407066 0.247639 0 0.415102 0.909525 -0.0213363 0 0.233919 -0.0840366 0.968617 0 10.0174 -9.45075 8.81135 1  ]
    ObjectInstance "Hoja_B01-a5"
AttributeEnd

AttributeBegin
    Transform [ 0.0606947 -0.83488 -0.547075 0 -0.950467 -0.215729 0.223771 0 0.304842 -0.506395 0.806619 0 9.93692 -9.51933 8.86959 1  ]
    ObjectInstance "Hoja_B01-a5"
AttributeEnd

AttributeBegin
    Transform [ 0.107407 -0.869056 -0.482913 0 -0.989736 -0.139515 0.0309407 0 0.0942629 -0.474633 0.875122 0 9.90145 -9.55119 8.82701 1  ]
    ObjectInstance "Hoja_B01-a5"
AttributeEnd

AttributeBegin
    Transform [ -0.717884 -0.556853 -0.417801 0 -0.695249 0.542736 0.47124 0 0.0356563 -0.628771 0.776772 0 9.84161 -9.44943 8.89037 1  ]
    ObjectInstance "Hoja_B01-a5"
AttributeEnd

AttributeBegin
    Transform [ 0.436514 -0.848045 -0.300458 0 -0.832044 -0.253464 -0.493415 0 -0.342283 -0.465377 0.816252 0 9.83176 -9.53179 8.8871 1  ]
    ObjectInstance "Hoja_B01-a5"
AttributeEnd

AttributeBegin
    Transform [ 0.103615 -0.930152 -0.352253 0 -0.876819 0.0817628 -0.473818 0 -0.469523 -0.357957 0.807103 0 10.4565 -9.88023 8.73314 1  ]
    ObjectInstance "Hoja_B01-a5"
AttributeEnd

AttributeBegin
    Transform [ 0.969087 -1.463e-7 -0.24672 0 -0.10969 -0.895732 -0.43085 0 0.220995 -0.444594 0.868042 0 10.6096 -9.85234 8.7898 1  ]
    ObjectInstance "Hoja_B01-a5"
AttributeEnd

AttributeBegin
    Transform [ 0.926261 0.13486 -0.351927 0 -0.180241 -0.661565 -0.727904 0 0.330988 -0.737661 0.588475 0 10.5731 -9.95483 8.78315 1  ]
    ObjectInstance "Hoja_B01-a5"
AttributeEnd

AttributeBegin
    Transform [ 0.67299 0.675625 0.301024 0 0.738519 -0.636309 -0.222936 0 -0.0409232 -0.372345 0.927192 0 10.5199 -9.94041 8.79873 1  ]
    ObjectInstance "Hoja_B01-a5"
AttributeEnd

AttributeBegin
    Transform [ 0.478115 -0.785995 -0.391941 0 -0.867788 -0.353924 -0.348828 0 -0.13546 -0.506901 0.851294 0 10.4562 -9.98228 8.77944 1  ]
    ObjectInstance "Hoja_B01-a5"
AttributeEnd

AttributeBegin
    Transform [ -0.566896 0.762383 0.31209 0 0.704907 0.644978 -0.295142 0 0.426302 -0.0526793 0.903046 0 10.5451 -9.89601 8.86483 1  ]
    ObjectInstance "Hoja_B01-a5"
AttributeEnd

AttributeBegin
    Transform [ 0.090394 0.953544 0.287373 0 0.953625 0.000310704 -0.300996 0 0.287102 -0.301255 0.909295 0 10.5125 -9.97851 8.82612 1  ]
    ObjectInstance "Hoja_B01-a5"
AttributeEnd

AttributeBegin
    Transform [ 0.0233662 -0.952839 -0.302576 0 -0.99246 -0.0585352 0.107691 0 0.120323 -0.297778 0.947022 0 10.3821 -9.98829 8.82543 1  ]
    ObjectInstance "Hoja_B01-a5"
AttributeEnd

AttributeBegin
    Transform [ -0.143147 0.771021 0.620512 0 0.923162 0.330028 -0.197113 0 0.356765 -0.544617 0.75902 0 10.5516 -9.98793 8.9261 1  ]
    ObjectInstance "Hoja_B01-a5"
AttributeEnd

AttributeBegin
    Transform [ 0.28442 0.82672 0.485427 0 0.933211 -0.354724 0.0573371 0 -0.219594 -0.436698 0.872395 0 10.4837 -10.0528 8.95844 1  ]
    ObjectInstance "Hoja_B01-a5"
AttributeEnd

AttributeBegin
    Transform [ -0.204907 -0.689004 -0.695188 0 -0.930985 0.356438 -0.0788599 0 -0.302126 -0.631051 0.714489 0 10.352 -10.0825 9.05979 1  ]
    ObjectInstance "Hoja_B01-a5"
AttributeEnd

AttributeBegin
    Transform [ -0.395849 -0.70214 -0.591864 0 -0.884391 0.465047 0.0398011 0 -0.247299 -0.539194 0.805055 0 10.3802 -10.0562 9.07254 1  ]
    ObjectInstance "Hoja_B01-a5"
AttributeEnd

AttributeBegin
    Transform [ -0.911382 -0.228714 -0.342159 0 -0.383134 0.775111 0.502406 0 -0.150304 -0.588976 0.794051 0 10.504 -9.48557 8.83221 1  ]
    ObjectInstance "Hoja_B01-a5"
AttributeEnd

AttributeBegin
    Transform [ -0.821234 0.340094 0.45816 0 0.457777 0.872025 0.17324 0 0.340609 -0.352005 0.871824 0 10.5373 -9.43362 8.78349 1  ]
    ObjectInstance "Hoja_B01-a5"
AttributeEnd

AttributeBegin
    Transform [ 0.826674 -0.449658 -0.338258 0 -0.56207 -0.687922 -0.459174 0 0.0262235 -0.569711 0.821426 0 10.4366 -9.56752 8.84037 1  ]
    ObjectInstance "Hoja_B01-a5"
AttributeEnd

AttributeBegin
    Transform [ 0.879365 -1.328e-7 0.476149 0 0.320624 -0.739306 -0.592137 0 -0.35202 -0.673369 0.65012 0 10.5662 -9.50221 8.90109 1  ]
    ObjectInstance "Hoja_B01-a5"
AttributeEnd

AttributeBegin
    Transform [ -0.575419 0.817344 -0.0290091 0 0.807481 0.562128 -0.178849 0 0.129875 0.126338 0.983449 0 10.584 -9.41323 8.89123 1  ]
    ObjectInstance "Hoja_B01-a5"
AttributeEnd

AttributeBegin
    Transform [ -0.678448 -0.493729 -0.544003 0 -0.37534 0.869509 -0.321051 0 -0.631528 0.01363 0.775233 0 10.4158 -9.36906 8.859 1  ]
    ObjectInstance "Hoja_B01-a5"
AttributeEnd

AttributeBegin
    Transform [ -0.78085 -0.335774 -0.52681 0 -0.386573 0.922141 -0.0147595 0 -0.490749 -0.192126 0.849855 0 10.4829 -9.32817 8.92908 1  ]
    ObjectInstance "Hoja_B01-a5"
AttributeEnd

AttributeBegin
    Transform [ -0.129191 -0.947338 -0.29302 0 -0.972194 0.179207 -0.150741 0 -0.195314 -0.265398 0.944149 0 10.3608 -9.38679 8.95701 1  ]
    ObjectInstance "Hoja_B01-a5"
AttributeEnd

AttributeBegin
    Transform [ 0.875406 -1.322e-7 0.483388 0 0.298004 -0.787362 -0.53968 0 -0.380601 -0.616491 0.689262 0 10.4509 -9.33772 8.98491 1  ]
    ObjectInstance "Hoja_B01-a5"
AttributeEnd

AttributeBegin
    Transform [ 0.128441 -0.901114 -0.414122 0 -0.898031 -0.282852 0.336949 0 0.420765 -0.328616 0.845558 0 10.3965 -9.33652 9.02059 1  ]
    ObjectInstance "Hoja_B01-a5"
AttributeEnd

AttributeBegin
    Transform [ 0.783673 -0.49065 -0.380944 0 -0.618614 -0.672068 -0.406991 0 0.0563302 -0.554605 0.830205 0 10.3935 -9.42577 9.06411 1  ]
    ObjectInstance "Hoja_B01-a5"
AttributeEnd

AttributeBegin
    Transform [ -0.664187 0.712308 0.226876 0 0.686561 0.461137 0.562126 0 -0.295786 -0.529121 0.795325 0 10.4789 -9.33936 9.08408 1  ]
    ObjectInstance "Hoja_B01-a5"
AttributeEnd

AttributeBegin
    Transform [ 0.930521 -1.405e-7 -0.366239 0 -0.1835 -0.865426 -0.466226 0 0.316953 -0.501037 0.805296 0 10.4846 -9.23384 9.09071 1  ]
    ObjectInstance "Hoja_B01-a5"
AttributeEnd

AttributeBegin
    Transform [ -0.966288 -0.229515 0.116665 0 -0.235757 0.970874 -0.0426759 0 0.103473 0.0687416 0.992254 0 10.3857 -9.21408 9.06887 1  ]
    ObjectInstance "Hoja_B01-a5"
AttributeEnd

AttributeBegin
    Transform [ 0.0174253 -0.9008 -0.433885 0 -0.67572 0.30924 -0.669158 0 -0.736952 -0.304845 0.6033 0 10.3324 -9.25813 9.07 1  ]
    ObjectInstance "Hoja_B01-a5"
AttributeEnd

AttributeBegin
    Transform [ -0.316153 0.924459 0.213128 0 0.937331 0.339065 -0.0802859 0 0.146485 -0.174389 0.97372 0 10.5013 -9.25675 9.1275 1  ]
    ObjectInstance "Hoja_B01-a5"
AttributeEnd

AttributeBegin
    Transform [ -0.98271 -0.122401 -0.138921 0 -0.18172 0.781399 0.596986 0 -0.0354805 -0.611909 0.790132 0 10.4323 -9.21185 9.15033 1  ]
    ObjectInstance "Hoja_B01-a5"
AttributeEnd

AttributeBegin
    Transform [ -0.967061 0.20562 -0.150043 0 0.0957024 0.839919 0.534207 0 -0.235867 -0.502251 0.831932 0 10.4538 -9.14023 9.1283 1  ]
    ObjectInstance "Hoja_B01-a5"
AttributeEnd

AttributeBegin
    Transform [ 0.0944312 -0.995439 0.0135956 0 -0.754248 -0.0804511 -0.651642 0 -0.649763 -0.0512809 0.758405 0 10.2892 -9.10974 9.18774 1  ]
    ObjectInstance "Hoja_B01-a5"
AttributeEnd

AttributeBegin
    Transform [ -0.963921 0.0192469 -0.265492 0 -0.0421764 0.97374 0.223721 0 -0.262826 -0.226847 0.937797 0 10.3496 -9.03362 9.20415 1  ]
    ObjectInstance "Hoja_B01-a5"
AttributeEnd

AttributeBegin
    Transform [ 0.118496 -0.887577 -0.445158 0 -0.914479 0.0771319 -0.397214 0 -0.386894 -0.454156 0.802531 0 10.3146 -9.11536 9.21758 1  ]
    ObjectInstance "Hoja_B01-a5"
AttributeEnd

AttributeBegin
    Transform [ -0.780413 0.543132 0.309779 0 0.620197 0.735353 0.273151 0 0.07944 -0.405295 0.910728 0 10.4149 -9.05886 9.23754 1  ]
    ObjectInstance "Hoja_B01-a5"
AttributeEnd

AttributeBegin
    Transform [ -0.52249 -0.736471 -0.429669 0 -0.594733 0.675885 -0.435283 0 -0.61098 -0.0281073 0.791147 0 10.1453 -9.54015 8.77455 1  ]
    ObjectInstance "Hoja_B01-a5"
AttributeEnd

AttributeBegin
    Transform [ 0.279787 -0.789184 -0.546725 0 -0.931588 -0.36083 0.0441078 0 0.232084 -0.496982 0.83615 0 10.1286 -9.61027 8.79703 1  ]
    ObjectInstance "Hoja_B01-a5"
AttributeEnd

AttributeBegin
    Transform [ 0.528607 -0.717914 -0.452961 0 -0.834569 -0.342007 -0.431886 0 -0.155141 -0.606325 0.779937 0 10.1191 -9.60708 8.83691 1  ]
    ObjectInstance "Hoja_B01-a5"
AttributeEnd

AttributeBegin
    Transform [ 0.887433 -1.34e-7 0.460936 0 0.0320981 -0.997572 -0.0617983 0 -0.459817 -0.069637 0.885279 0 10.2256 -9.56887 8.86854 1  ]
    ObjectInstance "Hoja_B01-a5"
AttributeEnd

AttributeBegin
    Transform [ -0.0808218 -0.956308 -0.280967 0 -0.990907 0.107515 -0.0808998 0 -0.107573 -0.271874 0.956302 0 10.0772 -9.48244 8.83673 1  ]
    ObjectInstance "Hoja_B01-a5"
AttributeEnd

AttributeBegin
    Transform [ -0.0723691 -0.990428 -0.11754 0 -0.78323 0.129399 -0.608117 0 -0.617506 -0.0480522 0.785097 0 10.0539 -9.54743 8.80491 1  ]
    ObjectInstance "Hoja_B01-a5"
AttributeEnd

AttributeBegin
    Transform [ -0.96683 0.206963 0.149687 0 0.249869 0.887908 0.386246 0 0.0529697 -0.410836 0.910169 0 10.1177 -9.4255 8.86655 1  ]
    ObjectInstance "Hoja_B01-a5"
AttributeEnd

AttributeBegin
    Transform [ 0.157653 -0.805344 -0.571459 0 -0.812988 0.222634 -0.538037 0 -0.560532 -0.549413 0.619637 0 10.035 -9.47581 8.87391 1  ]
    ObjectInstance "Hoja_B01-a5"
AttributeEnd

AttributeBegin
    Transform [ -0.906645 0.417386 -0.0615122 0 0.421377 0.903075 -0.083054 0 -0.0208846 0.10122 0.994645 0 10.1057 -9.40818 8.80396 1  ]
    ObjectInstance "Hoja_B01-a5"
AttributeEnd

AttributeBegin
    Transform [ -0.468145 -0.709474 -0.526769 0 -0.721167 0.651245 -0.236215 0 -0.510644 -0.269306 0.816527 0 10.0245 -9.42041 8.81033 1  ]
    ObjectInstance "Hoja_B01-a5"
AttributeEnd

AttributeBegin
    Transform [ 0.847877 0.0767142 0.524614 0 0.4027 -0.736803 -0.543098 0 -0.344874 -0.671742 0.655611 0 10.059 -9.57267 8.86711 1  ]
    ObjectInstance "Hoja_B01-a5"
AttributeEnd

AttributeBegin
    Transform [ -0.108153 0.957932 0.265838 0 0.959853 0.031003 0.278787 0 -0.258817 -0.285317 0.922826 0 10.1319 -9.43361 8.87337 1  ]
    ObjectInstance "Hoja_B01-a5"
AttributeEnd

AttributeBegin
    Transform [ -0.972148 -0.190149 0.137011 0 -0.209262 0.967482 -0.142085 0 0.105538 0.166799 0.980326 0 10.0559 -9.3678 8.86923 1  ]
    ObjectInstance "Hoja_B01-a5"
AttributeEnd

AttributeBegin
    Transform [ -0.279608 -0.645003 -0.71119 0 -0.819873 0.545868 -0.17273 0 -0.499627 -0.534789 0.681449 0 9.94271 -9.42875 8.81383 1  ]
    ObjectInstance "Hoja_B01-a5"
AttributeEnd

AttributeBegin
    Transform [ 0.337482 -0.784188 -0.520726 0 -0.941249 -0.273775 -0.197731 0 -0.0124964 -0.556864 0.83051 0 9.9328 -9.46485 8.85542 1  ]
    ObjectInstance "Hoja_B01-a5"
AttributeEnd

AttributeBegin
    Transform [ -0.514489 -0.734086 -0.443192 0 -0.856085 0.469364 0.216368 0 -0.0491853 -0.490729 0.869923 0 9.97163 -9.43266 8.89421 1  ]
    ObjectInstance "Hoja_B01-a5"
AttributeEnd

AttributeBegin
    Transform [ -0.11247 -0.720245 -0.684542 0 -0.943567 0.293381 -0.153654 0 -0.3115 -0.62863 0.712596 0 9.9473 -9.36892 8.88617 1  ]
    ObjectInstance "Hoja_B01-a5"
AttributeEnd

AttributeBegin
    Transform [ 0.949881 -1.434e-7 -0.31261 0 -0.142397 -0.890231 -0.43268 0 0.278295 -0.455509 0.845614 0 10.0083 -9.42504 8.93477 1  ]
    ObjectInstance "Hoja_B01-a5"
AttributeEnd

AttributeBegin
    Transform [ -0.468611 -0.68228 -0.561158 0 -0.872317 0.257055 0.415915 0 0.139522 -0.68441 0.715624 0 9.85957 -9.35086 8.8733 1  ]
    ObjectInstance "Hoja_B01-a5"
AttributeEnd

AttributeBegin
    Transform [ -0.933354 -0.322962 0.156671 0 -0.15884 0.763001 0.626578 0 0.321901 -0.559933 0.763449 0 9.86259 -9.32729 8.91725 1  ]
    ObjectInstance "Hoja_B01-a5"
AttributeEnd

AttributeBegin
    Transform [ -0.0176987 -0.863022 -0.504855 0 -0.972189 0.132789 -0.192914 0 -0.233528 -0.4874 0.841371 0 9.81823 -9.38513 8.91018 1  ]
    ObjectInstance "Hoja_B01-a5"
AttributeEnd

AttributeBegin
    Transform [ -0.827546 -0.539078 0.156726 0 -0.422032 0.781473 0.459554 0 0.370213 -0.314159 0.874212 0 9.8637 -9.25253 8.89538 1  ]
    ObjectInstance "Hoja_B01-a5"
AttributeEnd

AttributeBegin
    Transform [ -0.45194 0.486992 0.747389 0 0.78737 0.611575 0.0776186 0 0.419284 -0.623551 0.659838 0 9.94981 -9.25252 8.89368 1  ]
    ObjectInstance "Hoja_B01-a5"
AttributeEnd

AttributeBegin
    Transform [ 0.935479 -1.413e-7 0.353382 0 0.174333 -0.869844 -0.461498 0 -0.307387 -0.493327 0.813721 0 9.80494 -9.2046 8.90459 1  ]
    ObjectInstance "Hoja_B01-a5"
AttributeEnd

AttributeBegin
    Transform [ -0.816755 -0.435536 0.378445 0 -0.463356 0.885956 0.0195997 0 0.343822 0.159346 0.925416 0 9.74259 -9.19578 8.88875 1  ]
    ObjectInstance "Hoja_B01-a5"
AttributeEnd

AttributeBegin
    Transform [ 0.930313 -1.405e-7 -0.366768 0 -0.218052 -0.804079 -0.553091 0 0.29491 -0.594522 0.748045 0 9.82411 -9.24749 8.92892 1  ]
    ObjectInstance "Hoja_B01-a5"
AttributeEnd

AttributeBegin
    Transform [ -0.710201 -0.698273 0.0896071 0 -0.690685 0.71574 0.103301 0 0.136267 -0.011474 0.990606 0 9.7227 -9.23485 8.92029 1  ]
    ObjectInstance "Hoja_B01-a5"
AttributeEnd

AttributeBegin
    Transform [ 0.960385 -1.45e-7 -0.278677 0 -0.187011 -0.741396 -0.644483 0 0.20661 -0.671067 0.712026 0 10.3901 -9.64675 9.15145 1  ]
    ObjectInstance "Hoja_B01-a5"
AttributeEnd

AttributeBegin
    Transform [ 0.913369 -1.379e-7 0.407132 0 0.202376 -0.867705 -0.454017 0 -0.35327 -0.497079 0.792536 0 10.3525 -9.68605 9.21464 1  ]
    ObjectInstance "Hoja_B01-a5"
AttributeEnd

AttributeBegin
    Transform [ 0.821819 0.565636 -0.0683371 0 0.464671 -0.734818 -0.494088 0 0.329689 -0.374296 0.866722 0 10.388 -9.72526 9.20796 1  ]
    ObjectInstance "Hoja_B01-a5"
AttributeEnd

AttributeBegin
    Transform [ -0.124815 -0.836266 -0.533929 0 -0.981482 0.182878 -0.0569957 0 -0.145308 -0.516928 0.843606 0 10.2244 -9.64295 9.23337 1  ]
    ObjectInstance "Hoja_B01-a5"
AttributeEnd

AttributeBegin
    Transform [ 0.980313 -1.48e-7 0.197449 0 0.00160466 -0.999967 -0.00796774 0 -0.197442 -0.00812772 0.980281 0 10.3307 -9.59968 9.26199 1  ]
    ObjectInstance "Hoja_B01-a5"
AttributeEnd

AttributeBegin
    Transform [ -0.582541 0.716931 0.382956 0 0.811126 0.543003 0.217305 0 0.0521539 -0.437215 0.897844 0 10.3756 -9.68475 9.31767 1  ]
    ObjectInstance "Hoja_B01-a5"
AttributeEnd

AttributeBegin
    Transform [ -0.00149795 0.725059 0.688685 0 0.902957 0.296928 -0.310647 0 0.429727 -0.621388 0.655142 0 10.3986 -9.64431 9.28753 1  ]
    ObjectInstance "Hoja_B01-a5"
AttributeEnd

AttributeBegin
    Transform [ -0.922734 0.216097 -0.319162 0 0.186633 0.975003 0.120572 0 -0.337239 -0.0516896 0.939999 0 10.3535 -9.58597 9.31065 1  ]
    ObjectInstance "Hoja_B01-a5"
AttributeEnd

AttributeBegin
    Transform [ -0.448825 0.786052 0.425062 0 0.817724 0.553101 -0.159393 0 0.360394 -0.276044 0.89102 0 10.3392 -9.64915 9.33158 1  ]
    ObjectInstance "Hoja_B01-a5"
AttributeEnd

AttributeBegin
    Transform [ -0.590328 0.541342 0.598717 0 0.735513 0.666296 0.122763 0 0.332466 -0.512834 0.791497 0 10.391 -9.64841 9.3904 1  ]
    ObjectInstance "Hoja_B01-a5"
AttributeEnd

AttributeBegin
    Transform [ 0.848167 0.247448 0.468382 0 0.366447 -0.912572 -0.181463 0 -0.382529 -0.325548 0.86469 0 10.3184 -9.71924 9.41297 1  ]
    ObjectInstance "Hoja_B01-a5"
AttributeEnd

AttributeBegin
    Transform [ -0.780118 -0.62556 0.00952706 0 -0.62555 0.779676 -0.0281569 0 -0.0101858 0.0279254 0.999558 0 10.2626 -9.68089 9.43395 1  ]
    ObjectInstance "Hoja_B01-a5"
AttributeEnd

AttributeBegin
    Transform [ 0.558235 -0.470477 -0.683392 0 -0.756097 -0.627603 -0.185555 0 0.3416 -0.620294 0.706077 0 10.3099 -9.73378 9.45803 1  ]
    ObjectInstance "Hoja_B01-a5"
AttributeEnd

AttributeBegin
    Transform [ 0.149942 0.948607 0.27868 0 0.984286 -0.169808 0.0484285 0 -0.0932619 -0.26704 0.959162 0 10.4142 -9.69886 9.44805 1  ]
    ObjectInstance "Hoja_B01-a5"
AttributeEnd

AttributeBegin
    Transform [ 0.997741 -1.507e-7 0.067173 0 0.0294945 -0.898445 -0.438094 0 -0.0603513 -0.439086 0.896416 0 10.2812 -9.64983 9.45701 1  ]
    ObjectInstance "Hoja_B01-a5"
AttributeEnd

AttributeBegin
    Transform [ 0.463163 -0.782155 -0.416791 0 -0.793812 -0.156971 -0.587557 0 -0.394137 -0.602988 0.693586 0 10.2223 -9.79078 9.53132 1  ]
    ObjectInstance "Hoja_B01-a5"
AttributeEnd

AttributeBegin
    Transform [ 0.0480121 0.853768 0.518435 0 0.949312 0.122419 -0.289518 0 0.310648 -0.506056 0.804615 0 10.3964 -9.77853 9.57634 1  ]
    ObjectInstance "Hoja_B01-a5"
AttributeEnd

AttributeBegin
    Transform [ 0.671395 -0.645795 -0.363563 0 -0.7326 -0.504259 -0.457188 0 -0.11192 -0.5733 0.811666 0 10.287 -9.8281 9.58794 1  ]
    ObjectInstance "Hoja_B01-a5"
AttributeEnd

AttributeBegin
    Transform [ 0.151619 -0.936086 -0.317418 0 -0.944567 -0.231827 0.232486 0 0.291212 -0.264573 0.919345 0 10.2287 -9.77618 9.59848 1  ]
    ObjectInstance "Hoja_B01-a5"
AttributeEnd

AttributeBegin
    Transform [ 0.312199 0.927126 0.207291 0 0.925257 -0.247246 -0.287695 0 0.215478 -0.281616 0.93502 0 10.3505 -9.77539 9.61122 1  ]
    ObjectInstance "Hoja_B01-a5"
AttributeEnd

AttributeBegin
    Transform [ 0.926294 -1.399e-7 0.376801 0 0.232652 -0.786617 -0.571932 0 -0.296398 -0.617441 0.728639 0 10.2208 -9.82447 9.64307 1  ]
    ObjectInstance "Hoja_B01-a5"
AttributeEnd

AttributeBegin
    Transform [ 0.947059 -0.245874 -0.206459 0 -0.304266 -0.892592 -0.332719 0 0.102477 -0.377923 0.920148 0 10.2662 -9.89415 9.63188 1  ]
    ObjectInstance "Hoja_B01-a5"
AttributeEnd

AttributeBegin
    Transform [ 0.610066 -0.604304 -0.512479 0 -0.760817 -0.627414 -0.16586 0 0.221307 -0.491089 0.842529 0 10.2429 -9.85992 9.74945 1  ]
    ObjectInstance "Hoja_B01-a5"
AttributeEnd

AttributeBegin
    Transform [ -0.984857 0.0809415 -0.153312 0 -0.0577835 0.680501 0.730465 0 -0.163454 -0.728263 0.665519 0 10.2732 -9.76532 9.73884 1  ]
    ObjectInstance "Hoja_B01-a5"
AttributeEnd

AttributeBegin
    Transform [ -0.0580407 -0.939599 -0.337322 0 -0.993644 0.0217273 0.110449 0 0.0964487 -0.341588 0.934888 0 10.0911 -9.40365 9.28923 1  ]
    ObjectInstance "Hoja_B01-a5"
AttributeEnd

AttributeBegin
    Transform [ 0.905385 -1.367e-7 -0.424592 0 -0.0963971 -0.973887 -0.205554 0 0.413504 -0.227035 0.881742 0 10.146 -9.35226 9.33864 1  ]
    ObjectInstance "Hoja_B01-a5"
AttributeEnd

AttributeBegin
    Transform [ -0.941367 0.336924 -0.0176511 0 0.335177 0.927948 -0.162999 0 0.0385388 0.159358 0.986468 0 10.1744 -9.22674 9.33307 1  ]
    ObjectInstance "Hoja_B01-a5"
AttributeEnd

AttributeBegin
    Transform [ -0.890359 -0.375636 -0.257215 0 -0.449918 0.812313 0.371108 0 -0.0695374 -0.446145 0.892255 0 10.0549 -9.16357 9.36308 1  ]
    ObjectInstance "Hoja_B01-a5"
AttributeEnd

AttributeBegin
    Transform [ 0.64286 0.65738 0.39317 0 0.765877 -0.560228 -0.315559 0 -0.0128229 -0.503979 0.86362 0 10.145 -9.28184 9.46912 1  ]
    ObjectInstance "Hoja_B01-a5"
AttributeEnd

AttributeBegin
    Transform [ -0.312311 0.795745 0.518894 0 0.842847 0.484092 -0.235084 0 0.438259 -0.363929 0.821878 0 10.1916 -9.15018 9.41631 1  ]
    ObjectInstance "Hoja_B01-a5"
AttributeEnd

AttributeBegin
    Transform [ 0.995856 -1.504e-7 0.0909486 0 0.066023 -0.68776 -0.72293 0 -0.0625509 -0.725938 0.684909 0 10.1125 -9.1829 9.47866 1  ]
    ObjectInstance "Hoja_B01-a5"
AttributeEnd

AttributeBegin
    Transform [ -0.60572 -0.795641 -0.00766557 0 -0.780016 0.591868 0.203145 0 0.157094 -0.129028 0.979118 0 10.0109 -9.01325 9.60215 1  ]
    ObjectInstance "Hoja_B01-a5"
AttributeEnd

AttributeBegin
    Transform [ 0.42019 0.655279 0.627734 0 0.891301 -0.427905 -0.149934 0 -0.170362 -0.622501 0.763852 0 10.1161 -9.08288 9.61766 1  ]
    ObjectInstance "Hoja_B01-a5"
AttributeEnd

AttributeBegin
    Transform [ 0.665125 -0.544529 -0.510976 0 -0.732064 -0.340529 -0.590019 0 -0.147281 -0.766503 0.625125 0 9.97763 -9.10824 9.60544 1  ]
    ObjectInstance "Hoja_B01-a5"
AttributeEnd

AttributeBegin
    Transform [ 0.0114887 0.85088 0.525234 0 0.952059 0.151277 -0.265893 0 0.305699 -0.503109 0.80835 0 10.0897 -9.05847 9.62006 1  ]
    ObjectInstance "Hoja_B01-a5"
AttributeEnd

AttributeBegin
    Transform [ 0.876754 0.230625 0.422035 0 0.449188 -0.706232 -0.547235 0 -0.171849 -0.669364 0.722786 0 10.1414 -9.67555 9.39099 1  ]
    ObjectInstance "Hoja_B01-a5"
AttributeEnd

AttributeBegin
    Transform [ 0.996836 -1.505e-7 0.0794876 0 0.00122481 -0.999881 -0.0153619 0 -0.0794782 -0.0154107 0.996717 0 10.136 -9.55575 9.40855 1  ]
    ObjectInstance "Hoja_B01-a5"
AttributeEnd

AttributeBegin
    Transform [ 0.938268 0.112533 -0.327091 0 0.000198834 -0.945777 -0.324816 0 0.345908 -0.3047 0.887415 0 10.0976 -9.76274 9.43891 1  ]
    ObjectInstance "Hoja_B01-a5"
AttributeEnd

AttributeBegin
    Transform [ 0.246136 -0.66182 -0.708104 0 -0.857565 0.191746 -0.477301 0 -0.451664 -0.724725 0.520358 0 9.94757 -9.66629 9.48829 1  ]
    ObjectInstance "Hoja_B01-a5"
AttributeEnd

AttributeBegin
    Transform [ 0.473568 -0.716718 -0.511906 0 -0.825268 -0.158052 -0.542173 0 -0.307678 -0.679216 0.666333 0 9.96799 -9.74612 9.44123 1  ]
    ObjectInstance "Hoja_B01-a5"
AttributeEnd

AttributeBegin
    Transform [ 0.900356 -0.432268 -0.0500398 0 -0.304659 -0.544064 -0.781778 0 -0.310713 -0.719124 0.621545 0 9.99331 -9.79045 9.42983 1  ]
    ObjectInstance "Hoja_B01-a5"
AttributeEnd

AttributeBegin
    Transform [ 0.994799 0.0822761 0.0600552 0 0.0977055 -0.937433 -0.334175 0 -0.0288031 -0.338304 0.940596 0 9.97332 -9.78405 9.48842 1  ]
    ObjectInstance "Hoja_B01-a5"
AttributeEnd

AttributeBegin
    Transform [ 0.517725 0.782328 0.3463 0 0.792181 -0.591229 0.151322 0 -0.323126 -0.195989 0.925839 0 10.0093 -9.78627 9.55869 1  ]
    ObjectInstance "Hoja_B01-a5"
AttributeEnd

AttributeBegin
    Transform [ 0.556636 0.714327 0.424138 0 0.798458 -0.319043 -0.510564 0 0.229392 -0.622855 0.747951 0 10.0094 -9.86705 9.57559 1  ]
    ObjectInstance "Hoja_B01-a5"
AttributeEnd

AttributeBegin
    Transform [ -0.75722 -0.354363 -0.548675 0 -0.420945 0.907073 -0.00489375 0 -0.499422 -0.227256 0.836021 0 9.86534 -9.75402 9.58388 1  ]
    ObjectInstance "Hoja_B01-a5"
AttributeEnd

AttributeBegin
    Transform [ 0.64042 -0.716843 -0.275677 0 -0.596439 -0.238063 -0.766542 0 -0.483861 -0.655334 0.580014 0 9.85489 -9.91348 9.5221 1  ]
    ObjectInstance "Hoja_B01-a5"
AttributeEnd

AttributeBegin
    Transform [ 0.951474 -0.254931 0.172359 0 0.0534376 -0.414714 -0.908381 0 -0.303055 -0.873511 0.380967 0 9.86921 -9.91874 9.58073 1  ]
    ObjectInstance "Hoja_B01-a5"
AttributeEnd

AttributeBegin
    Transform [ 0.240934 -0.849627 -0.469131 0 -0.744775 0.148079 -0.650679 0 -0.622303 -0.506168 0.597104 0 9.78455 -9.88297 9.54546 1  ]
    ObjectInstance "Hoja_B01-a5"
AttributeEnd

AttributeBegin
    Transform [ 0.791651 -0.331513 -0.513214 0 -0.574243 -0.690584 -0.439703 0 0.208651 -0.642801 0.73707 0 9.81491 -9.94179 9.56746 1  ]
    ObjectInstance "Hoja_B01-a5"
AttributeEnd

AttributeBegin
    Transform [ 0.952505 -1.438e-7 0.304523 0 0.212331 -0.716821 -0.664141 0 -0.218289 -0.697257 0.682776 0 9.9118 -9.86838 9.60668 1  ]
    ObjectInstance "Hoja_B01-a5"
AttributeEnd

AttributeBegin
    Transform [ -0.642448 -0.421167 -0.640218 0 -0.724703 0.605501 0.328899 0 -0.249132 -0.675268 0.694224 0 9.80068 -9.85983 9.6111 1  ]
    ObjectInstance "Hoja_B01-a5"
AttributeEnd

AttributeBegin
    Transform [ 0.4211 -0.802779 -0.422161 0 -0.85651 -0.5051 0.106138 0 0.298439 -0.316891 0.900286 0 9.76444 -9.99671 9.58905 1  ]
    ObjectInstance "Hoja_B01-a5"
AttributeEnd

AttributeBegin
    Transform [ 0.927244 -0.314602 -0.203085 0 -0.301339 -0.304957 -0.903436 0 -0.22229 -0.898903 0.377572 0 9.7613 -10.1035 9.61011 1  ]
    ObjectInstance "Hoja_B01-a5"
AttributeEnd

AttributeBegin
    Transform [ 0.435659 0.868785 0.235401 0 0.880878 -0.357737 -0.309964 0 0.18508 -0.342398 0.921145 0 9.84928 -10.0821 9.63044 1  ]
    ObjectInstance "Hoja_B01-a5"
AttributeEnd

AttributeBegin
    Transform [ 0.373294 0.463264 0.803765 0 0.918073 -0.309046 -0.248258 0 -0.133392 -0.830588 0.540675 0 9.82118 -10.0701 9.68891 1  ]
    ObjectInstance "Hoja_B01-a5"
AttributeEnd

AttributeBegin
    Transform [ 0.864012 0.454552 0.216484 0 0.495041 -0.688641 -0.529819 0 0.0917506 -0.564939 0.820016 0 9.79255 -10.1049 9.65808 1  ]
    ObjectInstance "Hoja_B01-a5"
AttributeEnd

AttributeBegin
    Transform [ 0.777205 0.395717 0.489245 0 0.437973 -0.898455 0.0309446 0 -0.45181 -0.190226 0.871598 0 10.1752 -9.55011 9.58051 1  ]
    ObjectInstance "Hoja_B01-a5"
AttributeEnd

AttributeBegin
    Transform [ -0.825778 0.454674 0.333709 0 0.400913 0.889383 -0.219695 0 0.396685 0.0476315 0.916718 0 10.1792 -9.43476 9.59109 1  ]
    ObjectInstance "Hoja_B01-a5"
AttributeEnd

AttributeBegin
    Transform [ -0.154128 0.988005 0.00954047 0 0.938242 0.143324 0.314898 0 -0.309753 -0.0574858 0.949078 0 10.2579 -9.42408 9.57187 1  ]
    ObjectInstance "Hoja_B01-a5"
AttributeEnd

AttributeBegin
    Transform [ 0.341876 -0.938409 -0.050087 0 -0.938625 -0.343585 0.0305513 0 0.0458787 -0.0365681 0.998278 0 10.1291 -9.48425 9.64755 1  ]
    ObjectInstance "Hoja_B01-a5"
AttributeEnd

AttributeBegin
    Transform [ 0.578806 0.624189 0.524759 0 0.814513 -0.411434 -0.409012 0 0.0393975 -0.664161 0.74655 0 10.241 -9.50217 9.65488 1  ]
    ObjectInstance "Hoja_B01-a5"
AttributeEnd

AttributeBegin
    Transform [ -0.632489 -0.650422 -0.420605 0 -0.766939 0.601915 0.222493 0 -0.108453 -0.463303 0.879539 0 10.092 -9.39047 9.71823 1  ]
    ObjectInstance "Hoja_B01-a5"
AttributeEnd

AttributeBegin
    Transform [ -0.0705784 0.81293 0.578068 0 0.963497 0.205591 -0.171484 0 0.25825 -0.544864 0.797766 0 10.2634 -9.40977 9.71419 1  ]
    ObjectInstance "Hoja_B01-a5"
AttributeEnd

AttributeBegin
    Transform [ -0.903341 0.287994 0.31786 0 0.382666 0.875885 0.293927 0 0.19376 -0.387151 0.901428 0 10.188 -9.31776 9.72256 1  ]
    ObjectInstance "Hoja_B01-a5"
AttributeEnd

AttributeBegin
    Transform [ -0.306925 -0.945296 -0.110514 0 -0.936447 0.320681 -0.142236 0 -0.169895 -0.0598347 0.983644 0 10.1036 -9.35268 9.74403 1  ]
    ObjectInstance "Hoja_B01-a5"
AttributeEnd

AttributeBegin
    Transform [ 0.566492 -0.807361 -0.16509 0 -0.680858 -0.345697 -0.645698 0 -0.464241 -0.478186 0.745532 0 10.116 -9.43132 9.78083 1  ]
    ObjectInstance "Hoja_B01-a5"
AttributeEnd

AttributeBegin
    Transform [ 0.721538 0.599969 0.345571 0 0.547833 -0.189503 -0.814842 0 0.423393 -0.777255 0.465417 0 10.231 -9.43401 9.78629 1  ]
    ObjectInstance "Hoja_B01-a5"
AttributeEnd

AttributeBegin
    Transform [ 0.527936 0.529546 0.663976 0 0.762912 -0.639214 -0.0968033 0 -0.373161 -0.557661 0.741461 0 10.2463 -9.41581 9.77102 1  ]
    ObjectInstance "Hoja_B01-a5"
AttributeEnd

AttributeBegin
    Transform [ -0.667191 0.719036 -0.194535 0 0.667767 0.69308 0.271527 0 -0.330066 -0.0512568 0.942565 0 10.2124 -9.31433 9.8211 1  ]
    ObjectInstance "Hoja_B01-a5"
AttributeEnd

AttributeBegin
    Transform [ -0.10866 0.894848 0.432945 0 0.98194 0.0287632 0.186995 0 -0.154879 -0.445444 0.881812 0 10.2554 -9.33936 9.95932 1  ]
    ObjectInstance "Hoja_B01-a5"
AttributeEnd

AttributeBegin
    Transform [ 0.669361 -0.638282 -0.3802 0 -0.742925 -0.572195 -0.347355 0 -0.00416204 -0.514966 0.857201 0 10.1685 -9.35589 9.94924 1  ]
    ObjectInstance "Hoja_B01-a5"
AttributeEnd

AttributeBegin
    Transform [ -0.758411 0.651743 0.00665075 0 0.62477 0.724042 0.292276 0 -0.185673 -0.225821 0.956311 0 9.97117 -9.52377 9.72446 1  ]
    ObjectInstance "Hoja_B01-a5"
AttributeEnd

AttributeBegin
    Transform [ 0.069188 -0.746908 -0.661318 0 -0.9967 -0.0235381 -0.0776915 0 -0.0424622 -0.66451 0.746071 0 9.86317 -9.57684 9.74048 1  ]
    ObjectInstance "Hoja_B01-a5"
AttributeEnd

AttributeBegin
    Transform [ -0.17039 -0.916288 -0.362468 0 -0.978697 0.114611 0.170341 0 0.114539 -0.383771 0.916297 0 9.83112 -9.5015 9.70873 1  ]
    ObjectInstance "Hoja_B01-a5"
AttributeEnd

AttributeBegin
    Transform [ 0.949438 -1.434e-7 -0.313955 0 -0.0572578 -0.983229 -0.173154 0 0.30869 -0.182375 0.933515 0 9.87753 -9.62547 9.72694 1  ]
    ObjectInstance "Hoja_B01-a5"
AttributeEnd

AttributeBegin
    Transform [ -0.0145496 -0.944657 -0.327736 0 -0.984779 0.0703153 -0.158956 0 -0.173204 -0.320435 0.931301 0 9.77805 -9.5766 9.71794 1  ]
    ObjectInstance "Hoja_B01-a5"
AttributeEnd

AttributeBegin
    Transform [ -0.912886 0.0424294 -0.406003 0 -0.228473 0.771108 0.5943 0 -0.338288 -0.635289 0.69424 0 9.8663 -9.47569 9.74818 1  ]
    ObjectInstance "Hoja_B01-a5"
AttributeEnd

AttributeBegin
    Transform [ -0.0946516 -0.966055 -0.240372 0 -0.94019 0.007377 0.340572 0 0.327238 -0.258231 0.908973 0 9.7604 -9.5061 9.74096 1  ]
    ObjectInstance "Hoja_B01-a5"
AttributeEnd

AttributeBegin
    Transform [ -0.362526 -0.864901 -0.347161 0 -0.675656 0.500477 -0.541307 0 -0.641923 -0.0383238 0.765811 0 9.70956 -9.50992 9.75564 1  ]
    ObjectInstance "Hoja_B01-a5"
AttributeEnd

AttributeBegin
    Transform [ -0.661534 -0.67823 -0.319964 0 -0.592942 0.73428 -0.330534 0 -0.459121 0.0289394 0.887902 0 9.7209 -9.43122 9.77613 1  ]
    ObjectInstance "Hoja_B01-a5"
AttributeEnd

AttributeBegin
    Transform [ 0.512978 -0.831604 -0.21281 0 -0.847655 -0.451637 -0.278395 0 -0.135402 -0.3232 0.936594 0 9.64446 -9.52305 9.75357 1  ]
    ObjectInstance "Hoja_B01-a5"
AttributeEnd

AttributeBegin
    Transform [ 0.859571 -0.246035 -0.447889 0 -0.36762 -0.90652 -0.207552 0 0.354955 -0.343059 0.869665 0 9.68018 -9.5648 9.81199 1  ]
    ObjectInstance "Hoja_B01-a5"
AttributeEnd

AttributeBegin
    Transform [ -0.997257 0.0739185 0.00387351 0 0.0719345 0.955499 0.28609 0 -0.0174462 -0.285584 0.958195 0 9.67081 -9.36517 9.7898 1  ]
    ObjectInstance "Hoja_B01-a5"
AttributeEnd

AttributeBegin
    Transform [ 0.923941 -1.395e-7 0.382536 0 0.0610159 -0.987197 -0.147372 0 -0.377639 -0.159504 0.912112 0 9.60445 -9.59445 9.84304 1  ]
    ObjectInstance "Hoja_B01-a5"
AttributeEnd

AttributeBegin
    Transform [ -0.513862 -0.836037 0.192323 0 -0.830861 0.540828 0.13105 0 0.213576 0.0924525 0.972542 0 9.50902 -9.42786 9.82654 1  ]
    ObjectInstance "Hoja_B01-a5"
AttributeEnd

AttributeBegin
    Transform [ 0.0818587 -0.751468 -0.654672 0 -0.952089 -0.25317 0.171555 0 0.294662 -0.609263 0.736188 0 9.48742 -9.53144 9.80962 1  ]
    ObjectInstance "Hoja_B01-a5"
AttributeEnd

AttributeBegin
    Transform [ -0.143104 -0.716371 -0.682886 0 -0.956027 0.278527 -0.0918418 0 -0.255995 -0.639715 0.724728 0 9.45135 -9.47393 9.88793 1  ]
    ObjectInstance "Hoja_B01-a5"
AttributeEnd

AttributeBegin
    Transform [ 0.603162 -0.709876 -0.363693 0 -0.742852 -0.333904 -0.580241 0 -0.290461 -0.620149 0.72873 0 9.363 -9.47578 9.88272 1  ]
    ObjectInstance "Hoja_B01-a5"
AttributeEnd

AttributeBegin
    Transform [ -0.793269 0.408902 0.451136 0 0.602345 0.635222 0.483398 0 0.088909 -0.655204 0.750202 0 9.45068 -9.38911 9.89711 1  ]
    ObjectInstance "Hoja_B01-a5"
AttributeEnd

AttributeBegin
    Transform [ 0.709451 -0.684965 -0.165837 0 -0.518794 -0.348319 -0.780722 0 -0.477003 -0.63992 0.602471 0 9.35808 -9.48685 9.85876 1  ]
    ObjectInstance "Hoja_B01-a5"
AttributeEnd

AttributeBegin
    Transform [ -0.916075 -0.275703 0.291194 0 -0.177558 0.92997 0.321915 0 0.359554 -0.243194 0.900876 0 9.3857 -9.38801 9.87455 1  ]
    ObjectInstance "Hoja_B01-a5"
AttributeEnd

AttributeBegin
    Transform [ 0.92055 -1.39e-7 0.390624 0 0.0845703 -0.976282 -0.1993 0 -0.38136 -0.216501 0.898717 0 10.0702 -9.69043 9.91709 1  ]
    ObjectInstance "Hoja_B01-a5"
AttributeEnd

AttributeBegin
    Transform [ 0.370776 0.915399 0.156748 0 0.731288 -0.183726 -0.656858 0 0.572489 -0.358175 0.737541 0 10.1404 -9.66795 9.92412 1  ]
    ObjectInstance "Hoja_B01-a5"
AttributeEnd

AttributeBegin
    Transform [ 0.387663 -0.749227 -0.537006 0 -0.760224 0.0696091 -0.645922 0 -0.521323 -0.658645 0.542596 0 9.93881 -9.67671 9.96975 1  ]
    ObjectInstance "Hoja_B01-a5"
AttributeEnd

AttributeBegin
