Translate 22 5 0
Rotate -70 0 0 1
ConcatTransform [ 0.282326 0.9337543 -0.21998829 0 -0.6146391 8.326673e-17 -0.7888084 0 -0.7365533 0.35791454 0.573922 0 -6.3538895 -26.008633 422.01785 1  ]
Camera "perspective"
    "float lensradius" [ 0 ]
    "float focaldistance" [ 2000 ]
    "float fov" [ 8 ]
# imgtool convert -bloomlevel 1 frame888.exr frame888.png 
Film "rgb"
    "string filename" [ "frame888.exr" ]
    "float maxcomponentvalue" 10
    "integer yresolution" [ 840 ]
    "integer xresolution" [ 1920 ]
Sampler "halton"
    "integer pixelsamples" [ 1024 ]
Integrator "volpath"
    "float rrthreshold" [ 0 ]
    "integer maxdepth" [ 256 ]


WorldBegin


AttributeBegin
    Rotate 220 0 1 0
    Rotate 90 1 0 0
    LightSource "infinite"
        "float scale" [6]
        "string filename" "textures/sky.exr"
AttributeEnd
Material "dielectric" "spectrum eta" "glass-BK7"

AttributeBegin
    ObjectBegin "single arm 0"

    AttributeBegin
        # hinge.1
        ConcatTransform [ 0.47228408 -0.10273517 0.87543887 0 0.28260556 0.9584023 -0.039989643 0 -0.83491427 0.26629037 0.48167166 0 -4156.902 2840.0767 -1567.9307 1  ]

        AttributeBegin
            # rivet-1
            ConcatTransform [ 0.32127613 0.030015713 -0.9465098 0 -0.0074640983 0.99954677 0.029164065 0 0.94695616 -0.002304876 0.32135457 0 -76.71467 12.994498 792.42377 1  ]

            AttributeBegin
                # rivet::screw three

                AttributeBegin
                    # rivet::Sphere.1
                    ConcatTransform [ 1 1.2246469e-16 -1.2246469e-16 0 -4.180685e-17 0.34137884 -2.6139847e-16 0 1.2246469e-16 7.6571376e-16 1 0 -3.2857273 -42.406853 15.209907 1  ]
                AttributeEnd

                AttributeBegin
                    # rivet::Tube.8
                    ConcatTransform [ 1 -0 -2.6645353e-15 0 -2.2981246e-30 0.32369098 -8.6248606e-16 0 2.6645353e-15 2.6645353e-15 1 0 -3.2857273 -26.186214 15.209907 1  ]
                AttributeEnd
            AttributeEnd
        AttributeEnd

        AttributeBegin
            # rivet-2
            ConcatTransform [ 0.32127613 0.030015713 -0.9465098 0 -0.0074640983 0.99954677 0.029164065 0 0.94695616 -0.002304876 0.32135457 0 7.0424576 36.50731 8.000147 1  ]

            AttributeBegin
                # rivet::screw three

                AttributeBegin
                    # rivet::Sphere.1
                    ConcatTransform [ 1 1.2246469e-16 -1.2246469e-16 0 -4.180685e-17 0.34137884 -2.6139847e-16 0 1.2246469e-16 7.6571376e-16 1 0 -3.2857273 -42.406853 15.209907 1  ]
                AttributeEnd

                AttributeBegin
                    # rivet::Tube.8
                    ConcatTransform [ 1 -0 -2.6645353e-15 0 -2.2981246e-30 0.32369098 -8.6248606e-16 0 2.6645353e-15 2.6645353e-15 1 0 -3.2857273 -26.186214 15.209907 1  ]
                AttributeEnd
            AttributeEnd
        AttributeEnd

        AttributeBegin
            # rivet-3
            ConcatTransform [ 0.32127613 0.030015713 -0.9465098 0 -0.0074640983 0.99954677 0.029164065 0 0.94695616 -0.002304876 0.32135457 0 45.38179 60.941147 -819.6142 1  ]

            AttributeBegin
                # rivet::screw three

                AttributeBegin
                    # rivet::Sphere.1
                    ConcatTransform [ 1 1.2246469e-16 -1.2246469e-16 0 -4.180685e-17 0.34137884 -2.6139847e-16 0 1.2246469e-16 7.6571376e-16 1 0 -3.2857273 -42.406853 15.209907 1  ]
                AttributeEnd

                AttributeBegin
                    # rivet::Tube.8
                    ConcatTransform [ 1 -0 -2.6645353e-15 0 -2.2981246e-30 0.32369098 -8.6248606e-16 0 2.6645353e-15 2.6645353e-15 1 0 -3.2857273 -26.186214 15.209907 1  ]
                AttributeEnd
            AttributeEnd
        AttributeEnd

        AttributeBegin
            # HyperNURBS
            ConcatTransform [ 0.9967402 -1.4895658e-8 0.0806778 0 -0.0021923534 0.9996307 0.027085787 0 -0.00013025958 -0.000043891 0.0016093022 0 0.765453 -89.06364 -13.937525 1  ]

            AttributeBegin
                # Cube
                ConcatTransform [ 1 0 0 0 0 1 0 0 0 0 1 0 4.5474735e-13 -1.0992096e-11 -4.5474735e-13 1  ]
            AttributeEnd

            AttributeBegin
                # Cube
                ConcatTransform [ 1 0 0 0 0 1 0 0 0 0 1 0 4.5474735e-13 -1.0992096e-11 -4.5474735e-13 1  ]
            AttributeEnd
        AttributeEnd
    AttributeEnd

    AttributeBegin
        # hinge
        ConcatTransform [ 0.46961528 -0.15060799 -0.86993027 0 0.25751302 0.96586317 -0.02820302 0 0.8444812 -0.2107738 0.49236763 0 -4368.0054 2898.51 1948.6472 1  ]

        AttributeBegin
            # rivet-1
            ConcatTransform [ 0.32127613 0.030015713 -0.9465098 0 -0.0074640983 0.99954677 0.029164065 0 0.94695616 -0.002304876 0.32135457 0 -76.71467 12.994498 792.42377 1  ]

            AttributeBegin
                # rivet::screw three

                AttributeBegin
                    # rivet::Sphere.1
                    ConcatTransform [ 1 1.2246469e-16 -1.2246469e-16 0 -4.180685e-17 0.34137884 -2.6139847e-16 0 1.2246469e-16 7.6571376e-16 1 0 -3.2857273 -42.406853 15.209907 1  ]
                AttributeEnd

                AttributeBegin
                    # rivet::Tube.8
                    ConcatTransform [ 1 -0 -2.6645353e-15 0 -2.2981246e-30 0.32369098 -8.6248606e-16 0 2.6645353e-15 2.6645353e-15 1 0 -3.2857273 -26.186214 15.209907 1  ]
                AttributeEnd
            AttributeEnd
        AttributeEnd

        AttributeBegin
            # rivet-2
            ConcatTransform [ 0.32127613 0.030015713 -0.9465098 0 -0.0074640983 0.99954677 0.029164065 0 0.94695616 -0.002304876 0.32135457 0 7.0424576 36.50731 8.000147 1  ]

            AttributeBegin
                # rivet::screw three

                AttributeBegin
                    # rivet::Sphere.1
                    ConcatTransform [ 1 1.2246469e-16 -1.2246469e-16 0 -4.180685e-17 0.34137884 -2.6139847e-16 0 1.2246469e-16 7.6571376e-16 1 0 -3.2857273 -42.406853 15.209907 1  ]
                AttributeEnd

                AttributeBegin
                    # rivet::Tube.8
                    ConcatTransform [ 1 -0 -2.6645353e-15 0 -2.2981246e-30 0.32369098 -8.6248606e-16 0 2.6645353e-15 2.6645353e-15 1 0 -3.2857273 -26.186214 15.209907 1  ]
                AttributeEnd
            AttributeEnd
        AttributeEnd

        AttributeBegin
            # rivet-3
            ConcatTransform [ 0.32127613 0.030015713 -0.9465098 0 -0.0074640983 0.99954677 0.029164065 0 0.94695616 -0.002304876 0.32135457 0 45.38179 60.941147 -819.6142 1  ]

            AttributeBegin
                # rivet::screw three

                AttributeBegin
                    # rivet::Sphere.1
                    ConcatTransform [ 1 1.2246469e-16 -1.2246469e-16 0 -4.180685e-17 0.34137884 -2.6139847e-16 0 1.2246469e-16 7.6571376e-16 1 0 -3.2857273 -42.406853 15.209907 1  ]
                AttributeEnd

                AttributeBegin
                    # rivet::Tube.8
                    ConcatTransform [ 1 -0 -2.6645353e-15 0 -2.2981246e-30 0.32369098 -8.6248606e-16 0 2.6645353e-15 2.6645353e-15 1 0 -3.2857273 -26.186214 15.209907 1  ]
                AttributeEnd
            AttributeEnd
        AttributeEnd

        AttributeBegin
            # HyperNURBS
            ConcatTransform [ 0.9967402 -1.4895658e-8 0.0806778 0 -0.0021923534 0.9996307 0.027085787 0 -0.00013025958 -0.000043891 0.0016093022 0 0.765453 -89.06364 -13.937525 1  ]

            AttributeBegin
                # Cube
                ConcatTransform [ 1 0 0 0 0 1 0 0 0 0 1 0 4.5474735e-13 -1.0992096e-11 -4.5474735e-13 1  ]
            AttributeEnd

            AttributeBegin
                # Cube
                ConcatTransform [ 1 0 0 0 0 1 0 0 0 0 1 0 4.5474735e-13 -1.0992096e-11 -4.5474735e-13 1  ]
            AttributeEnd
        AttributeEnd
    AttributeEnd

    AttributeBegin
        # Tube
        ConcatTransform [ -0.12384215 0.037611835 -0.9915889 0 0.29060113 0.9568443 -5.891121e-15 0 0.94879615 -0.28815684 -0.1294277 0 -7106.053 3545.09 -66.30701 1  ]

        AttributeBegin
            # Tube
        AttributeEnd
    AttributeEnd

    AttributeBegin
        # Tube.3
        ConcatTransform [ -0.12384215 0.037611835 -0.9915889 0 0.29060113 0.9568443 -3.143319e-15 0 0.94879615 -0.28815684 -0.1294277 0 -7119.807 3499.8032 -66.30701 1  ]

        AttributeBegin
            # Tube.3
        AttributeEnd
    AttributeEnd

    AttributeBegin
        # Tube.3
        ConcatTransform [ -0.12384215 0.037611835 -0.9915889 0 0.29060113 0.9568443 -3.2612801e-15 0 0.94879615 -0.28815684 -0.1294277 0 -7118.64 3503.6472 -66.30701 1  ]

        AttributeBegin
            # Tube.3
        AttributeEnd
    AttributeEnd

    AttributeBegin
        # arm
        ConcatTransform [ 0.35323608 -0.10728057 0.9293628 0 0.29060113 0.9568443 -1.0547119e-15 0 -0.88925546 0.27007386 0.36916777 0 -1581.1669 3054.2366 73.38969 1  ]

        AttributeBegin
            # stand1.1
            ConcatTransform [ -0.022360161 -0.9981719 0.056150552 0 -0.92904645 6.11204e-17 -0.36996302 0 0.3692867 -0.060438905 -0.9273481 0 -1684.7184 1377.3842 1092.7694 1  ]

            AttributeBegin
                # Null
                ConcatTransform [ 0.9322093 3.5897194e-18 -0.36191964 0 0.36176413 0.029312283 0.9318087 0 0.010608691 -0.9995703 0.027325181 0 -259.4384 -1182.1373 -2173.942 1  ]

                AttributeBegin
                    # Cylinder.13
                    ConcatTransform [ -0.66362697 -0.74806356 -0.00035740438 0 -0.0008189189 0.0002487121 0.99999964 0 -0.7480632 0.663627 -0.0007776555 0 -885.31757 1981.395 977.4865 1  ]

                    AttributeBegin
                        # Cylinder.13
                    AttributeEnd
                AttributeEnd

                AttributeBegin
                    # Cylinder.12
                    ConcatTransform [ -0.66362697 -0.74806356 -0.00035740438 0 -0.0008189189 0.0002487121 0.99999964 0 -0.7480632 0.663627 -0.0007776555 0 -883.74536 1980.9175 -942.3883 1  ]

                    AttributeBegin
                        # Cylinder.12
                    AttributeEnd
                AttributeEnd
            AttributeEnd

            AttributeBegin
                # Tube.6
                ConcatTransform [ 1 0 0 0 0 1 0 0 0 0 1 0 -361.36136 65.16993 -2.7420578 1  ]

                AttributeBegin
                    # Tube.6
                AttributeEnd
            AttributeEnd

            AttributeBegin
                # screw two.1
                ConcatTransform [ 134.76273 -0 -5.2365837e-14 0 0 134.76273 -0 0 5.2365837e-14 0 134.76273 0 -361.21426 185.15746 -0.31295463 1  ]

                AttributeBegin
                    # screw two::Null
                    ConcatTransform [ 0.01 0 0 0 0 0.01 0 0 0 0 0.01 0 0 0 0 1  ]

                    AttributeBegin
                        # screw two::screw1
                        ConcatTransform [ -0.46876863 -0 0.883321 0 0 1 0 0 -0.883321 0 -0.46876863 0 0 -12.604534 0 1  ]

                        AttributeBegin
                            # screw two::Null
                            ConcatTransform [ 1 0 0 0 0 1 0 0 0 0 1 0 -1.6690166 -136.35757 1.022468 1  ]

                            AttributeBegin
                                # screw two::Cylinder.1
                                ConcatTransform [ 0.955072 -3.2162452e-16 0.29637384 0 -1.0968732e-15 -1 2.449502e-15 0 0.29637384 -2.6645353e-15 -0.955072 0 -1.0401746 -58.499897 0.63722867 1  ]
                            AttributeEnd

                            AttributeBegin
                                # screw two::Tube.1
                                ConcatTransform [ 1 -0 -2.6645353e-15 0 -7.2476596e-30 1 -2.7200464e-15 0 2.6645353e-15 2.7200464e-15 1 0 1.0401746 58.499897 -0.63722867 1  ]

                                AttributeBegin
                                    # screw two::Tube.1
                                AttributeEnd
                            AttributeEnd

                            AttributeBegin
                                # screw two::Plane
                                ConcatTransform [ 1 -0 -2.6645353e-15 0 -7.2476596e-30 1 -2.7200464e-15 0 2.6645353e-15 2.7200464e-15 1 0 1.0401746 58.499897 -0.63722867 1  ]

                                AttributeBegin
                                    # screw two::Plane
                                AttributeEnd
                            AttributeEnd
                        AttributeEnd
                    AttributeEnd
                AttributeEnd
            AttributeEnd

            AttributeBegin
                # Cylinder
                ConcatTransform [ 1 0 0 0 0 1 0 0 0 0 1 0 -361.21426 -224.13208 -0.31295463 1  ]

                AttributeBegin
                    # Cylinder
                AttributeEnd
            AttributeEnd

            AttributeBegin
                # Tube.5
                ConcatTransform [ 1 0 0 0 0 1 0 0 0 0 1 0 -361.36136 -77.74389 -2.7420578 1  ]

                AttributeBegin
                    # Tube.5
                AttributeEnd
            AttributeEnd

            AttributeBegin
                # HyperNURBS.4
                ConcatTransform [ -0 -0 0 0 0 1 0 0 -1.2246469e-16 0 -1 0 2637.5637 -70.63508 8.852083 1  ]

                AttributeBegin
                    # Cube
                    ConcatTransform [ -1 -0 -1.2246469e-16 0 -0 1 0 0 1.2246469e-16 0 -1 0 831.051 -1.1375983e-12 -3.0667344e-12 1  ]
                AttributeEnd

                AttributeBegin
                    # Cube
                    ConcatTransform [ -1 -0 -1.2246469e-16 0 -0 1 0 0 1.2246469e-16 0 -1 0 831.051 -1.1375983e-12 -3.0667344e-12 1  ]
                AttributeEnd
            AttributeEnd

            AttributeBegin
                # wrench
                ConcatTransform [ 1 0 0 0 0 1 0 0 0 0 0.35576424 0 1539.9419 -72.6975 -0.31295463 1  ]

                AttributeBegin
                    # Cylinder.14
                    ConcatTransform [ 1 -0 1.3877788e-17 0 1.540744e-33 1 -1.110223e-16 0 -1.3877788e-17 1.110223e-16 1 0 -1.5887736e-11 -2.046363e-12 1.8189894e-12 1  ]
                AttributeEnd

                AttributeBegin
                    # Cylinder.14
                    ConcatTransform [ 1 -0 1.3877788e-17 0 1.540744e-33 1 -1.110223e-16 0 -1.3877788e-17 1.110223e-16 1 0 -1.5887736e-11 -2.046363e-12 1.8189894e-12 1  ]
                AttributeEnd
            AttributeEnd
        AttributeEnd

        AttributeBegin
            # stand1
            ConcatTransform [ -0.022360161 -0.9981719 0.056150552 0 0.92904645 6.11204e-17 0.36996302 0 -0.3692867 0.060438905 0.9273481 0 454.57635 1377.3842 1944.675 1  ]

            AttributeBegin
                # Tube.6
                ConcatTransform [ 1 0 0 0 0 1 0 0 0 0 1 0 -361.36136 65.16993 -2.7420578 1  ]

                AttributeBegin
                    # Tube.6
                AttributeEnd
            AttributeEnd

            AttributeBegin
                # screw two.1
                ConcatTransform [ 134.76273 -0 -5.2365837e-14 0 0 134.76273 -0 0 5.2365837e-14 0 134.76273 0 -361.21426 185.549 -0.31295463 1  ]

                AttributeBegin
                    # screw two::Null
                    ConcatTransform [ 0.01 0 0 0 0 0.01 0 0 0 0 0.01 0 0 0 0 1  ]

                    AttributeBegin
                        # screw two::screw1
                        ConcatTransform [ -0.46876863 -0 0.883321 0 0 1 0 0 -0.883321 0 -0.46876863 0 0 -12.604534 0 1  ]

                        AttributeBegin
                            # screw two::Null
                            ConcatTransform [ 1 0 0 0 0 1 0 0 0 0 1 0 -1.6690166 -136.35757 1.022468 1  ]

                            AttributeBegin
                                # screw two::Cylinder.1
                                ConcatTransform [ 0.955072 -3.2162452e-16 0.29637384 0 -1.0968732e-15 -1 2.449502e-15 0 0.29637384 -2.6645353e-15 -0.955072 0 -1.0401746 -58.499897 0.63722867 1  ]
                            AttributeEnd

                            AttributeBegin
                                # screw two::Tube.1
                                ConcatTransform [ 1 -0 -2.6645353e-15 0 -7.2476596e-30 1 -2.7200464e-15 0 2.6645353e-15 2.7200464e-15 1 0 1.0401746 58.499897 -0.63722867 1  ]

                                AttributeBegin
                                    # screw two::Tube.1
                                AttributeEnd
                            AttributeEnd

                            AttributeBegin
                                # screw two::Plane
                                ConcatTransform [ 1 -0 -2.6645353e-15 0 -7.2476596e-30 1 -2.7200464e-15 0 2.6645353e-15 2.7200464e-15 1 0 1.0401746 58.499897 -0.63722867 1  ]

                                AttributeBegin
                                    # screw two::Plane
                                AttributeEnd
                            AttributeEnd
                        AttributeEnd
                    AttributeEnd
                AttributeEnd
            AttributeEnd

            AttributeBegin
                # Cylinder
                ConcatTransform [ 1 0 0 0 0 1 0 0 0 0 1 0 -361.21426 -224.13208 -0.31295463 1  ]

                AttributeBegin
                    # Cylinder
                AttributeEnd
            AttributeEnd

            AttributeBegin
                # Tube.5
                ConcatTransform [ 1 0 0 0 0 1 0 0 0 0 1 0 -361.36136 -77.74389 -2.7420578 1  ]

                AttributeBegin
                    # Tube.5
                AttributeEnd
            AttributeEnd

            AttributeBegin
                # HyperNURBS.4
                ConcatTransform [ -0 -0 0 0 0 1 0 0 -1.2246469e-16 0 -1 0 2637.5637 -70.63508 8.852083 1  ]

                AttributeBegin
                    # Cube
                    ConcatTransform [ -1 -0 -1.2246469e-16 0 -0 1 0 0 1.2246469e-16 0 -1 0 831.051 -1.1375983e-12 -3.0667344e-12 1  ]
                AttributeEnd

                AttributeBegin
                    # Cube
                    ConcatTransform [ -1 -0 -1.2246469e-16 0 -0 1 0 0 1.2246469e-16 0 -1 0 831.051 -1.1375983e-12 -3.0667344e-12 1  ]
                AttributeEnd
            AttributeEnd

            AttributeBegin
                # wrench
                ConcatTransform [ 1 0 0 0 0 1 0 0 0 0 0.35576424 0 1539.9419 -72.6975 -0.31295463 1  ]

                AttributeBegin
                    # Cylinder.14
                    ConcatTransform [ 1 -0 1.3877788e-17 0 1.540744e-33 1 -1.110223e-16 0 -1.3877788e-17 1.110223e-16 1 0 -1.5887736e-11 -2.046363e-12 1.8189894e-12 1  ]
                AttributeEnd

                AttributeBegin
                    # Cylinder.14
                    ConcatTransform [ 1 -0 1.3877788e-17 0 1.540744e-33 1 -1.110223e-16 0 -1.3877788e-17 1.110223e-16 1 0 -1.5887736e-11 -2.046363e-12 1.8189894e-12 1  ]
                AttributeEnd
            AttributeEnd
        AttributeEnd

        AttributeBegin
            # pivot
            ConcatTransform [ -0.22130738 0.8003924 0.5571311 0 -0.29547906 -0.59947646 0.7438549 0 0.9293628 -1.7763568e-15 0.36916777 0 -623.7913 1734.1201 1509.2104 1  ]

            AttributeBegin
                # Cylinder.1
                ConcatTransform [ -0.66362697 -0.74806356 -0.00035740438 0 -0 0 0 0 -0.7480632 0.663627 -0.0007776555 0 142.59012 -102.36746 -985.18805 1  ]
            AttributeEnd

            AttributeBegin
                # Cylinder.11
                ConcatTransform [ -0.66362697 -0.74806356 -0.00035740438 0 -0 0 0 0 -0.7480632 0.663627 -0.0007776555 0 18.444979 -1.6314865 985.6454 1  ]
            AttributeEnd

            AttributeBegin
                # Cylinder.10
                ConcatTransform [ -0.66362697 -0.74806356 -0.00035740438 0 -0 0 0 0 -0.7480632 0.663627 -0.0007776555 0 19.230398 -1.8700246 26.552835 1  ]

                AttributeBegin
                    # Cylinder.10
                AttributeEnd
            AttributeEnd

            AttributeBegin
                # Cylinder.9
                ConcatTransform [ -0.66362697 -0.74806356 -0.00035740438 0 -0.0008189189 0.0002487121 0.99999964 0 -0.7480632 0.663627 -0.0007776555 0 19.230398 -1.8700246 26.552835 1  ]

                AttributeBegin
                    # Cylinder.9
                AttributeEnd
            AttributeEnd

            AttributeBegin
                # Cylinder.8
                ConcatTransform [ -0.66362697 -0.74806356 -0.00035740438 0 -0.0008189189 0.0002487121 0.99999964 0 -0.7480632 0.663627 -0.0007776555 0 19.230398 -1.8700246 26.552835 1  ]

                AttributeBegin
                    # Cylinder.8
                AttributeEnd
            AttributeEnd

            AttributeBegin
                # Cube
                ConcatTransform [ -0.10618032 -0.11969017 -0.0000571847 0 -0.000065513515 0.00001989697 0.07999997 0 -0.7480632 0.663627 -0.0007776555 0 775.78937 -564.42114 27.31231 1  ]
            AttributeEnd

            AttributeBegin
                # plate
                ConcatTransform [ -0.66362697 -0.74806356 -0.00035740438 0 -0.0008189189 0.0002487121 0.99999964 0 -0.7480632 0.663627 -0.0007776555 0 736.5192 -599.09534 27.288774 1  ]

                AttributeBegin
                    # HyperNURBS.2-cutter

                    AttributeBegin
                        # HyperNURBS.2
                        ConcatTransform [ 1.2270864 -0 6.811698e-17 0 0 1 0 0 -5.551115e-17 0 1 0 -3.8653525e-12 -2.2737368e-13 3.637979e-12 1  ]

                        AttributeBegin
                            # Cube.1
                            ConcatTransform [ 0.1 -0 1.110223e-17 0 1.2325952e-32 1 -1.110223e-16 0 -1.110223e-16 1.110223e-16 1 0 1.3187673e-11 -4.3201e-12 4.5474735e-13 1  ]
                            # Unknown material VrayAdvancedMaterial"
                        AttributeEnd
                    AttributeEnd

                    AttributeBegin
                        # cutter
                        ConcatTransform [ 5.456824 -0 0 0 0 4.446976 3.5547373e-13 0 -0 -3.5547373e-13 4.446976 0 1.3858026e-11 1.7774271e-10 -2292.6272 1  ]
                        # Unknown material VrayAdvancedMaterial"
                    AttributeEnd
                AttributeEnd

                AttributeBegin
                    # HyperNURBS.2
                    ConcatTransform [ 1.2270864 -0 6.811698e-17 0 0 1 0 0 -5.551115e-17 0 1 0 -3.8653525e-12 -2.2737368e-13 3.637979e-12 1  ]

                    AttributeBegin
                        # Cube.1
                        ConcatTransform [ 0.1 -0 1.110223e-17 0 1.2325952e-32 1 -1.110223e-16 0 -1.110223e-16 1.110223e-16 1 0 1.3187673e-11 -4.3201e-12 4.5474735e-13 1  ]
                    AttributeEnd

                    AttributeBegin
                        # Cube.1
                        ConcatTransform [ 0.1 -0 1.110223e-17 0 1.2325952e-32 1 -1.110223e-16 0 -1.110223e-16 1.110223e-16 1 0 1.3187673e-11 -4.3201e-12 4.5474735e-13 1  ]
                    AttributeEnd
                AttributeEnd

                AttributeBegin
                    # cutter
                    ConcatTransform [ 5.456824 -0 0 0 0 4.446976 3.5547373e-13 0 -0 -3.5547373e-13 4.446976 0 1.3858026e-11 1.7774271e-10 -2292.6272 1  ]

                    AttributeBegin
                        # cutter
                    AttributeEnd
                AttributeEnd
            AttributeEnd

            AttributeBegin
                # Boole.1
                ConcatTransform [ -0.29060113 -0.9568443 1.8060098e-15 0 -0.0008189189 0.0002487121 0.99999964 0 -0.9568439 0.29060102 -0.00085585396 0 2229.5718 -1775.7368 28.80411 1  ]

                AttributeBegin
                    # HyperNURBS-cutter

                    AttributeBegin
                        # HyperNURBS
                        ConcatTransform [ 1 0 0 0 0 0.3 0 0 0 0 1 0 0 0 0 1  ]

                        AttributeBegin
                            # Cube.1
                            ConcatTransform [ 0.9086311 -0 0.41759974 0 2.3181442e-17 1 -5.0439158e-17 0 -0.41759974 5.551115e-17 0.9086311 0 -46.64335 0 241.88295 1  ]
                        AttributeEnd
                    AttributeEnd

                    AttributeBegin
                        # cutter
                        ConcatTransform [ 0.9086311 -0 0.41759974 0 1.33525105e-14 1 -2.9052956e-14 0 -0.41759974 3.1974423e-14 0.9086311 0 555.4407 -5.0958238e-11 -1313.2068 1  ]
                    AttributeEnd
                AttributeEnd

                AttributeBegin
                    # HyperNURBS
                    ConcatTransform [ 1 0 0 0 0 0.3 0 0 0 0 1 0 0 0 0 1  ]

                    AttributeBegin
                        # Cube.1
                        ConcatTransform [ 0.9086311 -0 0.41759974 0 2.3181442e-17 1 -5.0439158e-17 0 -0.41759974 5.551115e-17 0.9086311 0 -46.64335 0 241.88295 1  ]
                    AttributeEnd

                    AttributeBegin
                        # Cube.1
                        ConcatTransform [ 0.9086311 -0 0.41759974 0 2.3181442e-17 1 -5.0439158e-17 0 -0.41759974 5.551115e-17 0.9086311 0 -46.64335 0 241.88295 1  ]
                    AttributeEnd
                AttributeEnd

                AttributeBegin
                    # cutter
                    ConcatTransform [ 0.9086311 -0 0.41759974 0 1.33525105e-14 1 -2.9052956e-14 0 -0.41759974 3.1974423e-14 0.9086311 0 555.4407 -5.0958238e-11 -1313.2068 1  ]

                    AttributeBegin
                        # cutter
                    AttributeEnd
                AttributeEnd
            AttributeEnd

            AttributeBegin
                # rivet-1.1
                ConcatTransform [ -0.7111801 -1.169858 0.1275937 0 0.30447337 -0.32692704 -1.3003998 0 1.1367251 -0.6443415 0.42814153 0 3002.4292 -2503.416 -2606.1497 1  ]

                AttributeBegin
                    # rivet::screw three
                    ConcatTransform [ 1 0 0 0 0 1 0 0 0 0 1 0 1.1368684e-13 -1.1368684e-13 1.8189894e-12 1  ]

                    AttributeBegin
                        # rivet::Sphere.1
                        ConcatTransform [ 1 1.2246469e-16 -1.2246469e-16 0 -4.180685e-17 0.34137884 -2.6139847e-16 0 1.2246469e-16 7.6571376e-16 1 0 -3.2857273 -42.406853 15.209907 1  ]
                    AttributeEnd

                    AttributeBegin
                        # rivet::Tube.8
                        ConcatTransform [ 1 -0 -2.6645353e-15 0 -2.2981246e-30 0.32369098 -8.6248606e-16 0 2.6645353e-15 2.6645353e-15 1 0 -3.2857273 -26.186214 15.209907 1  ]
                    AttributeEnd
                AttributeEnd
            AttributeEnd

            AttributeBegin
                # rivet-1
                ConcatTransform [ -0.63913435 -1.2069993 -0.11958612 0 0.2736165 -0.27516657 1.3149366 0 -1.1816438 0.58913237 0.3691636 0 2953.793 -2470.153 2684.985 1  ]

                AttributeBegin
                    # rivet::screw three
                    ConcatTransform [ 1 0 0 0 0 1 0 0 0 0 1 0 1.1368684e-13 -1.1368684e-13 1.8189894e-12 1  ]

                    AttributeBegin
                        # rivet::Sphere.1
                        ConcatTransform [ 1 1.2246469e-16 -1.2246469e-16 0 -4.180685e-17 0.34137884 -2.6139847e-16 0 1.2246469e-16 7.6571376e-16 1 0 -3.2857273 -42.406853 15.209907 1  ]
                    AttributeEnd

                    AttributeBegin
                        # rivet::Tube.8
                        ConcatTransform [ 1 -0 -2.6645353e-15 0 -2.2981246e-30 0.32369098 -8.6248606e-16 0 2.6645353e-15 2.6645353e-15 1 0 -3.2857273 -26.186214 15.209907 1  ]
                    AttributeEnd
                AttributeEnd
            AttributeEnd

            AttributeBegin
                # Cylinder.7
                ConcatTransform [ -0.29060113 -0.9568443 1.8061182e-15 0 -0 0 0 0 -0.9568439 0.29060102 -0.00085585396 0 2935.3464 -2485.6282 -2398.6492 1  ]
            AttributeEnd

            AttributeBegin
                # Cylinder.6
                ConcatTransform [ -0.29060113 -0.9568443 1.8061724e-15 0 -0 0 0 0 -0.9568439 0.29060102 -0.00085585396 0 2931.254 -2484.3853 2598.7073 1  ]
            AttributeEnd

            AttributeBegin
                # SMALLER
                ConcatTransform [ -0.09706078 -0.31958598 6.032616e-16 0 -0.00027351893 0.00008306985 0.33399987 0 -0.31958586 0.09706074 -0.0002858552 0 2913.3716 -2516.8232 -1080.5637 1  ]

                AttributeBegin
                    # SMALLER
                AttributeEnd
            AttributeEnd

            AttributeBegin
                # BIGGER
                ConcatTransform [ -0.09706078 -0.31958598 6.0324347e-16 0 -0.00027351893 0.00008306985 0.33399987 0 -0.31958586 0.09706074 -0.0002858552 0 2913.3552 -2516.8184 -1060.7694 1  ]

                AttributeBegin
                    # BIGGER
                AttributeEnd
            AttributeEnd

            AttributeBegin
                # BIGGER
                ConcatTransform [ -0.09357356 -0.30810386 5.8158754e-16 0 -0.0002636919 0.0000800853 0.32199988 0 -0.30810374 0.09357353 -0.00027558496 0 2911.3547 -2516.2107 1382.0438 1  ]

                AttributeBegin
                    # BIGGER
                AttributeEnd
            AttributeEnd

            AttributeBegin
                # SMALLER
                ConcatTransform [ -0.09357356 -0.30810386 5.8158754e-16 0 -0.0002636919 0.0000800853 0.32199988 0 -0.30810374 0.09357353 -0.00027558496 0 2911.3394 -2516.206 1400.9807 1  ]

                AttributeBegin
                    # SMALLER
                AttributeEnd
            AttributeEnd

            AttributeBegin
                # Boole.2
                ConcatTransform [ -0.29060113 -0.9568443 1.8061182e-15 0 -0.0008189189 0.0002487121 0.99999964 0 -0.9568439 0.29060102 -0.00085585396 0 2912.4956 -2516.5571 -10.917515 1  ]

                AttributeBegin
                    # Cylinder-Cube.1

                    AttributeBegin
                        # Cylinder
                        ConcatTransform [ 1 0 0 0 0 1 0 0 0 0 1 0 0 0 0 1  ]
                    AttributeEnd

                    AttributeBegin
                        # Cube.1
                        ConcatTransform [ 1 0 0 0 0 1 0 0 0 0 1 0 5.3694462e-11 4.5474735e-13 0 1  ]
                    AttributeEnd
                AttributeEnd

                AttributeBegin
                    # Cylinder
                    ConcatTransform [ 1 0 0 0 0 1 0 0 0 0 1 0 0 0 0 1  ]
                AttributeEnd

                AttributeBegin
                    # Cube.1
                    ConcatTransform [ 1 0 0 0 0 1 0 0 0 0 1 0 5.3694462e-11 4.5474735e-13 0 1  ]

                    AttributeBegin
                        # Cube.1
                    AttributeEnd
                AttributeEnd
            AttributeEnd

            AttributeBegin
                # pivot
                ConcatTransform [ 0.16538523 0.98622906 2.2556535e-18 0 -0.98622906 0.16538523 -1.3450964e-17 0 -1.3638784e-17 0 1 0 3073.5564 -2455.087 232.22598 1  ]

                AttributeBegin
                    # HyperNURBS.1
                    ConcatTransform [ 0.9818173 -0.1832499 0.049539816 0 0.18305768 0.983066 0.008428763 0 -0.05024548 0.00079313817 0.99873656 0 -5454.0107 -3480.665 -444.666 1  ]

                    AttributeBegin
                        # Cylinder3
                        ConcatTransform [ 0.15018018 0.9886565 -0.002050748 0 -0.19771287 0.030038835 0.002699819 0 0.013653979 1.6479873e-16 0.9999068 0 4859.873 559.931 -602.97455 1  ]
                    AttributeEnd

                    AttributeBegin
                        # Cylinder3
                        ConcatTransform [ 0.15018018 0.9886565 -0.002050748 0 -0.19771287 0.030038835 0.002699819 0 0.013653979 1.6479873e-16 0.9999068 0 4859.873 559.931 -602.97455 1  ]
                    AttributeEnd
                AttributeEnd

                AttributeBegin
                    # HyperNURBS
                    ConcatTransform [ 0.9818173 -0.1832499 0.049539816 0 0.18305768 0.983066 0.008428763 0 -0.05024548 0.00079313817 0.99873656 0 -5309.3765 -2703.943 -438.0064 1  ]

                    AttributeBegin
                        # Cylinder2
                        ConcatTransform [ 0.15018018 0.9886565 -0.002050748 0 -0.19771287 0.030038835 0.002699819 0 0.013653979 1.6479873e-16 0.9999068 0 4859.873 559.931 -602.97455 1  ]
                    AttributeEnd

                    AttributeBegin
                        # Cylinder2
                        ConcatTransform [ 0.15018018 0.9886565 -0.002050748 0 -0.19771287 0.030038835 0.002699819 0 0.013653979 1.6479873e-16 0.9999068 0 4859.873 559.931 -602.97455 1  ]
                    AttributeEnd
                AttributeEnd

                AttributeBegin
                    # HyperNURBS.2
                    ConcatTransform [ 0.9818173 -0.1832499 0.049539816 0 0.18305768 0.983066 0.008428763 0 -0.05024548 0.00079313817 0.99873656 0 -5223.199 -1808.2694 -375.54498 1  ]

                    AttributeBegin
                        # Cylinder1
                        ConcatTransform [ 0.15018018 0.9886565 -0.002050748 0 -0.19771287 0.030038835 0.002699819 0 0.013653979 1.6479873e-16 0.9999068 0 4859.873 559.931 -602.97455 1  ]
                    AttributeEnd

                    AttributeBegin
                        # Cylinder1
                        ConcatTransform [ 0.15018018 0.9886565 -0.002050748 0 -0.19771287 0.030038835 0.002699819 0 0.013653979 1.6479873e-16 0.9999068 0 4859.873 559.931 -602.97455 1  ]
                    AttributeEnd
                AttributeEnd

                AttributeBegin
                    # Boole
                    ConcatTransform [ 0.8785742 -0.26682988 0.3961177 0 0.29060113 0.9568443 -1.6237012e-15 0 -0.37902296 0.115112245 0.9181997 0 -7895.1777 -1091.5262 -349.34607 1  ]

                    AttributeBegin
                        # HyperNURBS-Cube

                        AttributeBegin
                            # HyperNURBS
                            ConcatTransform [ 1 0 0 0 0 1 0 0 0 0 1 0 0 0 0 1  ]

                            AttributeBegin
                                # Cylinder
                                ConcatTransform [ 1 -0 0 0 0 1 -9.8607613e-32 0 -0 9.8607613e-32 1 0 -1.9184654e-12 6.7209605e-14 -1.3500312e-12 1  ]
                                # Unknown material VrayAdvancedMaterial"
                            AttributeEnd
                        AttributeEnd

                        AttributeBegin
                            # Cube
                            ConcatTransform [ 0.8696569 0.3162424 -0.37906143 0 -0.28990054 0.94867843 0.12636031 0 0.39956787 0 0.9167036 0 5820.966 -853.31885 -3545.0479 1  ]
                            # Unknown material VrayAdvancedMaterial"
                        AttributeEnd
                    AttributeEnd

                    AttributeBegin
                        # HyperNURBS
                        ConcatTransform [ 1 0 0 0 0 1 0 0 0 0 1 0 0 0 0 1  ]

                        AttributeBegin
                            # Cylinder
                            ConcatTransform [ 1 -0 0 0 0 1 -9.8607613e-32 0 -0 9.8607613e-32 1 0 -1.9184654e-12 6.7209605e-14 -1.3500312e-12 1  ]
                        AttributeEnd

                        AttributeBegin
                            # Cylinder
                            ConcatTransform [ 1 -0 0 0 0 1 -9.8607613e-32 0 -0 9.8607613e-32 1 0 -1.9184654e-12 6.7209605e-14 -1.3500312e-12 1  ]
                        AttributeEnd
                    AttributeEnd

                    AttributeBegin
                        # Cube
                        ConcatTransform [ 0.8696569 0.3162424 -0.37906143 0 -0.28990054 0.94867843 0.12636031 0 0.39956787 0 0.9167036 0 5820.966 -853.31885 -3545.0479 1  ]

                        AttributeBegin
                            # Cube
                        AttributeEnd
                    AttributeEnd
                AttributeEnd
            AttributeEnd
        AttributeEnd
    AttributeEnd
    ObjectEnd
AttributeEnd

AttributeBegin
    ObjectBegin "hugebrack 0"

    AttributeBegin
        # rivet.1
        ConcatTransform [ 0.04998638 3.3087688e-17 0.54036295 0 0.54036295 -3.0607831e-18 -0.04998638 0 -4.0693734e-33 0.54267 -3.3228957e-17 0 -165.07025 1718.8193 -1378.7866 1  ]

        AttributeBegin
            # rivet::screw three

            AttributeBegin
                # rivet::Sphere.1
                ConcatTransform [ 1 1.2246469e-16 -1.2246469e-16 0 -1.2246469e-16 1 -7.6571376e-16 0 1.2246469e-16 7.6571376e-16 1 0 -3.2857273 9.309754 15.209907 1  ]
                # Unknown material VrayAdvancedMaterial"
                Shape "plymesh"
                    "string filename" [ "geometry/888/mesh_00001.ply" ]
            AttributeEnd

            AttributeBegin
                # rivet::Tube.8
                ConcatTransform [ 1 -0 -2.6645353e-15 0 -7.099748e-30 1 -2.6645353e-15 0 2.6645353e-15 2.6645353e-15 1 0 -3.2857273 8.72292 15.209907 1  ]
                # Unknown material VrayAdvancedMaterial"
                Shape "plymesh"
                    "string filename" [ "geometry/888/mesh_00002.ply" ]
            AttributeEnd
        AttributeEnd
    AttributeEnd

    AttributeBegin
        # rivet
        ConcatTransform [ 0.04998638 3.3087688e-17 0.54036295 0 0.54036295 -3.0607831e-18 -0.04998638 0 -4.0693734e-33 0.54267 -3.3228957e-17 0 166.23448 1718.8193 -1035.126 1  ]

        AttributeBegin
            # rivet::screw three

            AttributeBegin
                # rivet::Sphere.1
                ConcatTransform [ 1 1.2246469e-16 -1.2246469e-16 0 -1.2246469e-16 1 -7.6571376e-16 0 1.2246469e-16 7.6571376e-16 1 0 -3.2857273 9.309754 15.209907 1  ]
                # Unknown material VrayAdvancedMaterial"
                Shape "plymesh"
                    "string filename" [ "geometry/888/mesh_00003.ply" ]
            AttributeEnd

            AttributeBegin
                # rivet::Tube.8
                ConcatTransform [ 1 -0 -2.6645353e-15 0 -7.099748e-30 1 -2.6645353e-15 0 2.6645353e-15 2.6645353e-15 1 0 -3.2857273 8.72292 15.209907 1  ]
                # Unknown material VrayAdvancedMaterial"
                Shape "plymesh"
                    "string filename" [ "geometry/888/mesh_00004.ply" ]
            AttributeEnd
        AttributeEnd
    AttributeEnd

    AttributeBegin
        # Null.4
        ConcatTransform [ 0.9950508 6.0845123e-18 -0.099367626 0 -0.099367626 6.092929e-17 -0.9950508 0 -0 1 6.123234e-17 0 167.95256 1750.6906 -1264.1833 1  ]

        AttributeBegin
            # nut
            ConcatTransform [ -0.01742562 -0.029247517 -0.54160106 0 0.5350671 0.087816924 -0.02195768 0 0.08882736 -0.53471816 0.026017873 0 -301.51434 161.56569 -103.86339 1  ]
        AttributeEnd

        AttributeBegin
            # Null
            ConcatTransform [ 1 -0 7.70372e-34 0 0 1 0 0 -7.70372e-34 0 1 0 -0.14519455 -2.2277148 241.6337 1  ]

            AttributeBegin
                # Bend
                ConcatTransform [ -2.3073368 1.3072306e-15 -0 0 -1.3072306e-15 -2.3073368 0 0 -0 0 2.3073368 0 -39.47038 -253.49852 -228.11375 1  ]
            AttributeEnd

            AttributeBegin
                # Boole
                ConcatTransform [ 1 0 0 0 0 1 0 0 0 0 1 0 -4.5474735e-13 1.0231815e-12 -4.6293234e-14 1  ]

                AttributeBegin
                    # Extrude NURBS-Cube

                    AttributeBegin
                        # Extrude NURBS
                        ConcatTransform [ 1 0 0 0 0 1 0 0 0 0 1 0 4.973799e-13 1.1368684e-13 -4.6293234e-14 1  ]

                        AttributeBegin
                            # Extrude NURBS
                            # Unknown material VrayAdvancedMaterial"
                            Shape "plymesh"
